# Species file for Castanea, generated on Rstudio with CMA-ES algorithm, on the 2022-04-06
MRN	=	0.0011
QDIX	=	2.1
tc	=	0.5
Tbase	=	15
Oi0	=	205
Ko0	=	248
Kc0	=	404
cVc	=	26.35
cVo	=	22.98
cKc	=	404.9
cKo	=	278.4
cgama	=	42.75
EaKc	=	79430
EaKo	=	36380
EaVc	=	65330
EaVo	=	60110
Eagama	=	37830
rdtq	=	0.24
coefbeta	=	2.2
KAR	=	0.4
Cd	=	0.2
Zosol	=	0.001
K1	=	3.9
K2	=	4.9
K3	=	7.3
K4	=	6
K5	=	14.8
K6	=	18.5
K7	=	0.2
K8	=	0.0045
Cph	=	1.01
R	=	8.3144621
IO	=	1370
gsolmax	=	0.003
gsolmin	=	7.75e-05
emsg	=	0.96
Alit	=	0.28
Asoil	=	0.39

# speciesCode	speciesName	CRF	CRRG	CRRF	CRBV	Crrepro	tronviv	branviv	rgviv	Lignroots	LIGNrl	LIGNll	LIGNfb	LIGNcb	LIGNcr	TGSS	Nitrogen	NRG	NRF	NBR	NTV	NSS	Nrepro	potToWood	GBVmin	TMRF	ratioBR	RS	coefrac	ratioG	TMBV	SF	LMA0	KLMA	alphal	alphab	CrownArea1	CrownArea2	CoefLAI1	CoefLAI2	CoefLAI3	aDBH	bDBH	aGF	bGF	Phi	ros	logaRDI	bRDI	clumping	RauwPIR	RauwPAR	RaufPIR	TaufPIR	RaufPAR	TaufPAR	emsf	Tleaf	Tbark	CIA	CIB	propec	g0	g1	RSoilleaf	CapSoilleaf	P50	P50Roots	pleafMin	Kplantini	EaVJ	ETT	JMT	NC	teta	TBASEA	TBASEB	TBASEC	NSTART	NSTART3	TSUMBB	HSUMFL	HSUMLMA	TSUMLFAL	SmatchDelay	SShape	Rec0	frec0	T1rec	T2rec	T3rec	T6rec	fa0	fd0	ffrost	woodStop	FHminfe	FHmax	decidue	cohorLeaves	reservesToReproduce	reservesToMortality	reserveToLeafFall	BSSminCrit	rateOfSeed	rateOfSeedJourne	seedMass_mg	seedMass_mu	auxiliaryReproStructure	seedMortality	seedsperFruit
3	Fagus sylvatica	1.31516126652962	1.43571688790416	1.3435619756752	1.6001145959194	1.23325949471734	0.210322352751915	0.156320313343311	0.137523038278959	25	0.38	0.38	0.35	0.35	0.38	0.214478011969115	4.50888140970362	0.865401287388335	7.83341103170612	6.50032616974155	0.666248960811436	0.04	6.87868141496164	-1.5	0.262037016748491	0.694581982312336	0.5952872406926	0.634657187942572	0.352332752556755	0.22	0.000272366232674735	3365.86154944522	144.357743543325	0.361894557823061	36.1375890305401	41.7080732308716	0.211388765723489	-0.574024651665575	1.23194606294604	1.81890283267079	0.3	-2.41153840256161	3.12840551169427	2.19465904898566	0.117841713954639	0.255334618325826	504.901402929087	10.2917264173043	-0.991377276292962	0.787814941917006	0.314	0.135	0.356	0.377	0.0877	0.055	0.97	0.637066994043286	1.94727548638181	1.5292351800255	6.67924607591684	1	0.105340882559688	10.8286928921495	74642.4320996482	0.04	-4.17533429101265	-4.46324808087526	-8.06864512298859	0.535564081931195	37000	710	220000	31.6723330751145	0.7	1.8300053801464	12.3350789519072	20	31.0864510916631	213	742.999402897528	843.391231655417	1618.42814452206	169.219032880439	73.9384685764696	1.54149637872479	214.296825420616	0.767483813730936	0	-7.36344909730688	-3.40770420439028	-5.89441317927712	0.264787363619411	0.409559534155508	0.215780717533753	676.847223437115	-14.0440069340459	-56.9647254006267	1	1	214.267838337758	85.9648873525829	14.2871105069806	-80	0.2	0.003	167.7	2.8	0.711439343782286	0.368855802133196	91.0312391278719
