# Species file for Castanea, generated on Rstudio with CMA-ES algorithm, on the 2022-04-05
MRN	=	0.0011
QDIX	=	2.1
tc	=	0.5
Tbase	=	15
Oi0	=	205
Ko0	=	248
Kc0	=	404
cVc	=	26.35
cVo	=	22.98
cKc	=	404.9
cKo	=	278.4
cgama	=	42.75
EaKc	=	79430
EaKo	=	36380
EaVc	=	65330
EaVo	=	60110
Eagama	=	37830
rdtq	=	0.24
coefbeta	=	2.2
KAR	=	0.4
Cd	=	0.2
Zosol	=	0.001
K1	=	3.9
K2	=	4.9
K3	=	7.3
K4	=	6
K5	=	14.8
K6	=	18.5
K7	=	0.2
K8	=	0.0045
Cph	=	1.01
R	=	8.3144621
IO	=	1370
gsolmax	=	0.003
gsolmin	=	7.75e-05
emsg	=	0.96
Alit	=	0.28
Asoil	=	0.39

# speciesCode	speciesName	CRF	CRRG	CRRF	CRBV	Crrepro	tronviv	branviv	rgviv	Lignroots	LIGNrl	LIGNll	LIGNfb	LIGNcb	LIGNcr	TGSS	Nitrogen	NRG	NRF	NBR	NTV	NSS	Nrepro	potToWood	GBVmin	TMRF	ratioBR	RS	coefrac	ratioG	TMBV	SF	LMA0	KLMA	alphal	alphab	CrownArea1	CrownArea2	CoefLAI1	CoefLAI2	CoefLAI3	aDBH	bDBH	aGF	bGF	Phi	ros	logaRDI	bRDI	clumping	RauwPIR	RauwPAR	RaufPIR	TaufPIR	RaufPAR	TaufPAR	emsf	Tleaf	Tbark	CIA	CIB	propec	g0	g1	RSoilleaf	CapSoilleaf	P50	P50Roots	pleafMin	Kplantini	EaVJ	ETT	JMT	NC	teta	TBASEA	TBASEB	TBASEC	NSTART	NSTART3	TSUMBB	HSUMFL	HSUMLMA	TSUMLFAL	SmatchDelay	SShape	Rec0	frec0	T1rec	T2rec	T3rec	T6rec	fa0	fd0	ffrost	woodStop	FHminfe	FHmax	decidue	cohorLeaves	reservesToReproduce	reservesToMortality	reserveToLeafFall	BSSminCrit	rateOfSeed	rateOfSeedJourne	seedMass_mg	seedMass_mu	auxiliaryReproStructure	seedMortality	seedsperFruit
3	Fagus sylvatica	1.51477422337768	1.49799507881887	1.48735863768015	1.48823896910715	1.50919604659208	0.147382566626419	0.243648325651184	0.152064011475716	25	0.38	0.38	0.35	0.35	0.38	0.256944208481245	4.99314243206459	0.972465011729155	4.93795845614276	4.88701915230727	1.01335871625896	0.04	4.72851163204614	-1.5	0.509986543812333	0.977210432601204	0.492302536030024	0.519389716400323	0.503753303622903	0.22	0.00499441071125111	2779.51390262499	221.315869664289	0.247191222121738	45.9689272469917	45.1960529594389	0.245006065486895	0.0261613537625514	1.49703061677477	1.4876244741521	0.3	-2.55429907288521	2.44645551242253	2.34904412491522	0.499562183513901	0.495499670533199	536.963202304246	9.96541480924668	-2.53145442308266	0.503104038762583	0.314	0.135	0.356	0.377	0.0877	0.055	0.97	0.993182578746855	2.40616668470249	2.51905043365516	5.07250315905044	1	0.0995784379083962	10.4414128198477	53754.337648813	0.04	-4.93744446877021	-4.93649692771603	-5.02635016525454	0.521127911510824	37000	710	220000	26.2927524166561	0.7	2.53127882112221	6.30200420206265	20	51.9830545226673	213	546.8873281312	1035.24727623891	1076.31318870166	200.259802337358	992.549719294337	2.01306482292907	148.971971032997	0.495989836445983	0	-5.12711913530482	-5.07148950167286	-4.89261289493169	0.243630842416521	0.247356827537806	0.253151373054761	427.99837627224	-10.0343055357886	-51.9479735146977	1	1	177.358334775708	100.22822895764	24.8488653119797	-80	0.2	0.003	167.7	2.8	0.512064849425108	0.458519892687873	154.809174516553
