"siteid"	"datasetid"	"sitename"	"lat"	"long"	"depth"	"Age_Source"	"minAgeBP"	"maxAgeBP"	"medianAgeBP"	"meanAgeBP"	"Abies"	"Acer"	"Alnus"	"Amaranthaceae"	"Apiaceae"	"Araliaceae"	"Artemisia"	"Asteraceae"	"Betula"	"Boraginaceae"	"Brassicaceae"	"Campanulaceae"	"Cannabaceae"	"Caprifoliaceae"	"Caryophyllaceae"	"Castanea"	"Cistaceae"	"Corylus"	"Crassulaceae"	"Cyperaceae"	"Elaeagnaceae"	"Ephedraceae"	"Ericales"	"Fabaceae"	"Fagus"	"Fraxinus"	"Genista"	"Gentianaceae"	"Geraniaceae"	"Hypericaceae"	"Indeterminable"	"Juglans"	"Juniperus"	"Lamiaceae"	"Larix"	"Liliaceae"	"Olea"	"Onagraceae"	"Orobanchaceae"	"Ostrya.Carpinus"	"Picea"	"Pinus"	"Plantaginaceae"	"Poaceae"	"Polygonaceae"	"Primulaceae"	"Quercus"	"Quercus.evg.type"	"Ranunculaceae"	"Rhamnus"	"Rosaceae"	"Rubiaceae"	"Rumex"	"Salix"	"Sambucus"	"Saxifragaceae"	"Scrophulariaceae"	"Sorbus"	"Thalictrum"	"Tilia"	"Ulmus"	"Urticaceae"	"Vitaceae"
24050	41842	"Lengi Egga"	46.39429	7.97395	2	"AWI"	2	-93	97	-1	0.174216027874564	0.174216027874564	13.2404181184669	0.348432055749129	0	0	4.00696864111498	0	1.39372822299652	0	0.174216027874564	0	0	0	1.04529616724739	2.26480836236934	0.348432055749129	2.4390243902439	0	25.2613240418118	0	0	0	0	0.174216027874564	0.174216027874564	0	0	0	0	0.348432055749129	0.174216027874564	0	0	0	0	0	0.174216027874564	0	0	19.6864111498258	21.9512195121951	0	0	0	0	0.348432055749129	0	0	0	0	0.174216027874564	1.39372822299652	2.61324041811847	0.174216027874564	0.348432055749129	0	0	0.174216027874564	0.348432055749129	0	0.522648083623693	0.348432055749129
24050	41842	"Lengi Egga"	46.39429	7.97395	5	"AWI"	5	-60	280	69	0	0	3.82022471910112	0.674157303370786	0	0	4.9438202247191	0	0.449438202247191	0	0.224719101123596	0.449438202247191	0.674157303370786	0	0.224719101123596	1.79775280898876	0.224719101123596	1.12359550561798	0	28.9887640449438	0	0	0.674157303370786	0	0	0	0	0	0	0.224719101123596	0.449438202247191	0.224719101123596	0.224719101123596	0	0	0	0.224719101123596	0	0	0	21.5730337078652	30.561797752809	0	0	0	0	0.224719101123596	0	0	0	0	0.449438202247191	0	0.674157303370786	0.224719101123596	0	0	0	0	0.224719101123596	0	0.449438202247191	0
24050	41842	"Lengi Egga"	46.39429	7.97395	7	"AWI"	7	-7	310	126	1.08695652173913	0	8.69565217391304	0.434782608695652	0	0	3.91304347826087	0	1.08695652173913	0	0.217391304347826	0	1.08695652173913	0	1.73913043478261	1.52173913043478	0	1.52173913043478	0	22.3913043478261	0	0	0	0	0	0	0	0	0	0	0	0.869565217391304	0.434782608695652	0	0	0	0.652173913043478	0	0	0	16.7391304347826	33.9130434782609	0	0	0	0	0.217391304347826	0	0	0	0	0.217391304347826	0	1.95652173913044	0.217391304347826	0	0	0	0.217391304347826	0	0	0.869565217391304	0
24050	41842	"Lengi Egga"	46.39429	7.97395	10	"AWI"	10	37	399	213	0.296296296296296	0	9.62962962962963	0.296296296296296	1.18518518518519	0	2.37037037037037	0	0.148148148148148	0.148148148148148	0	0	0	0	0.592592592592593	0.740740740740741	0	1.62962962962963	0	13.3333333333333	0	0	0	0	0	0	0	0	0	0	0.148148148148148	0.888888888888889	0.148148148148148	0	0	0	0.296296296296296	0	0	0	14.2222222222222	25.6296296296296	0	24.1481481481481	0	0	0.296296296296296	0	0	0	0	0.296296296296296	0	2.37037037037037	0.148148148148148	0.296296296296296	0	0	0.296296296296296	0	0.148148148148148	0.296296296296296	0
24050	41842	"Lengi Egga"	46.39429	7.97395	13	"AWI"	13	155	435	302	2.31316725978648	0	10.1423487544484	0	1.95729537366548	0	4.98220640569395	0	0.177935943060498	0	0.355871886120996	0	0	0	0.889679715302491	0.177935943060498	0.177935943060498	0.711743772241993	0	15.3024911032028	0	0	0	0	0	0	0	0	0	0	0	0.177935943060498	0.355871886120996	0	0	0	0	0	0	0	18.5053380782918	40.3914590747331	0	0	0	0	0.355871886120996	0	0	0	0	0	0	2.13523131672598	0.177935943060498	0	0.177935943060498	0	0.355871886120996	0.177935943060498	0	0	0
24050	41842	"Lengi Egga"	46.39429	7.97395	15	"AWI"	15	204	474	365	1.24223602484472	0	14.2857142857143	0.496894409937888	0	0	4.84472049689441	0	0.124223602484472	0	0	0.869565217391304	0	0	0.745341614906832	0.124223602484472	0	1.49068322981366	0	24.472049689441	0	0	0	0	0.124223602484472	0.124223602484472	0	0	0	0	0	0	0.124223602484472	0	0	0	0	0.124223602484472	0	0	17.3913043478261	32.1739130434783	0	0	0	0	0.124223602484472	0	0	0	0	0	0	0.62111801242236	0	0	0	0	0	0	0.372670807453416	0	0.124223602484472
24050	41842	"Lengi Egga"	46.39429	7.97395	17.5	"AWI"	17.5	376	782.5	550	1.26582278481013	0	18.1962025316456	0	0.949367088607595	0	5.37974683544304	0	0.632911392405063	0	0	0	0.949367088607595	0	0.316455696202532	0	0.158227848101266	1.74050632911392	0	26.4240506329114	0	0	0	0	0.316455696202532	0	0	0	0	0	0	0.158227848101266	0	0	0	0	0	0	0	0	13.4493670886076	27.5316455696203	0	0	0	0	0.158227848101266	0	0	0	0	0	0	1.10759493670886	0	0	0	0	0.316455696202532	0.158227848101266	0.158227848101266	0.632911392405063	0
24050	41842	"Lengi Egga"	46.39429	7.97395	20	"AWI"	20	430	1312	714	4.23387096774194	0	11.6935483870968	0.201612903225806	0	0	4.63709677419355	0	0.201612903225806	0	0.201612903225806	0	0	0	0	0	0	0.201612903225806	0	19.758064516129	0	0	0	0	0.403225806451613	0	0	0	0	0	0	0	0.604838709677419	0	0	0	0	0	0	0	20.1612903225806	35.6854838709677	0	0	0	0	0.604838709677419	0	0	0	0	0	0	0	0	0	0	0	0.201612903225806	0	0	1.20967741935484	0
24050	41842	"Lengi Egga"	46.39429	7.97395	25	"AWI"	25	710	2735	1344	1.28205128205128	0	11.5384615384615	0	0.897435897435897	0	4.1025641025641	0	0.512820512820513	0	0	0	0	0	0.128205128205128	0.128205128205128	0.384615384615385	1.02564102564103	0	28.4615384615385	0	0	0	0	0.641025641025641	0	0	0	0	0	0	0	0.128205128205128	0	0.128205128205128	0	0	0	0	0	18.4615384615385	31.6666666666667	0	0	0	0	0.128205128205128	0	0	0	0	0	0	0.128205128205128	0	0	0	0	0	0.128205128205128	0.128205128205128	0	0
24050	41842	"Lengi Egga"	46.39429	7.97395	30	"AWI"	30	1006	3006	1917	2.18390804597701	0	10.5747126436782	0	0	0	4.25287356321839	0	0.344827586206897	0	0	0.344827586206897	0	0	0.344827586206897	0	0.114942528735632	1.26436781609195	0	28.6206896551724	0	0	0.229885057471264	0	2.52873563218391	0	0	0	0	0	0	0	0.344827586206897	0	0	0	0	0	0	0	12.9885057471264	34.9425287356322	0	0	0	0	0.114942528735632	0	0	0	0	0.114942528735632	0	0.229885057471264	0	0	0	0	0	0.344827586206897	0	0.114942528735632	0
24050	41842	"Lengi Egga"	46.39429	7.97395	32.5	"AWI"	32.5	1391.5	3148	2213.5	1.1166253101737	0	11.4143920595534	0	1.48883374689826	0	3.34987593052109	0	0.372208436724566	0	0	0	0	0	0.372208436724566	0.124069478908189	0	0.744416873449132	0	38.4615384615385	0	0	0	0	0	0	0	0	0.124069478908189	0	0.124069478908189	0	0	0	0	0	0	0	0	0	9.05707196029777	31.7617866004963	0	0	0	0	0.124069478908189	0	0	0	0	0.124069478908189	0	0.992555831265509	0	0	0	0	0.248138957816377	0	0	0	0
24050	41842	"Lengi Egga"	46.39429	7.97395	37.5	"AWI"	37.5	2105.5	3499	2830	1.42487046632124	0	10.1036269430052	0	0	0	2.84974093264249	0	0.38860103626943	0	0	0	0	0	0.129533678756477	0.129533678756477	0	1.16580310880829	0	46.1139896373057	0	0	0	0	0.129533678756477	0	0	0	0	0.129533678756477	0	0	0	0	0	0	0	0	0	0	8.03108808290155	28.3678756476684	0	0	0	0	0.129533678756477	0	0	0	0	0.129533678756477	0	0	0	0	0	0	0.129533678756477	0.129533678756477	0.259067357512953	0.129533678756477	0.129533678756477
24050	41842	"Lengi Egga"	46.39429	7.97395	40	"AWI"	40	2434	3730	3165	3.05997552019584	0	7.34394124847001	0.122399020807834	0	0	3.67197062423501	0	0.244798041615667	0	0	0	0.244798041615667	0	0	0	0.122399020807834	1.59118727050184	0	44.0636474908201	0	0	0	0	0.367197062423501	0	0	0	0.122399020807834	0.244798041615667	0.244798041615667	0	0.244798041615667	0	0	0	0	0	0	0	12.1175030599755	25.3365973072215	0	0	0	0	0.122399020807834	0	0	0	0	0	0	0.122399020807834	0	0	0	0.122399020807834	0	0.367197062423501	0	0.122399020807834	0
24050	41842	"Lengi Egga"	46.39429	7.97395	42.5	"AWI"	42.5	2925.5	3798	3407.5	2.48175182481752	0.145985401459854	5.98540145985401	0	0	0	1.31386861313869	0	0.875912408759124	0	0	0	0.291970802919708	0	0	0	0.145985401459854	0.72992700729927	0	41.7518248175182	0	0	0	0	0.145985401459854	0	0	0	0	0	0	0	0.291970802919708	0	0	0	0	0	0	0	11.8248175182482	33.5766423357664	0	0	0	0	0	0	0	0	0	0	0	0.145985401459854	0	0	0	0	0	0.145985401459854	0.145985401459854	0	0
24050	41842	"Lengi Egga"	46.39429	7.97395	45	"AWI"	45	3185	3934	3673	2.88753799392097	0	5.16717325227964	0	0	0	3.03951367781155	0	0.455927051671732	0	0	0	0.303951367781155	0	0	0	0	1.51975683890578	0	52.887537993921	0	0	0	0	0	0	0	0	0	0	0	0	0.151975683890578	0	0	0	0.151975683890578	0	0	0	8.20668693009119	24.3161094224924	0	0	0	0	0.151975683890578	0	0	0	0	0	0	0.151975683890578	0	0	0	0	0	0.151975683890578	0.151975683890578	0.303951367781155	0
24050	41842	"Lengi Egga"	46.39429	7.97395	47.5	"AWI"	47.5	3651	4029.5	3852.5	2.41379310344828	0	7.47126436781609	0.114942528735632	0	0	0.919540229885057	0	0.459770114942529	0	0	0	0.574712643678161	0	0.114942528735632	0	0	0.919540229885057	0	52.6436781609195	0	0	0	0	0.344827586206897	0	0	0	0	0	0	0	0.229885057471264	0	0	0	0	0	0	0	7.35632183908046	25.632183908046	0	0	0	0	0.114942528735632	0	0	0	0	0	0	0.229885057471264	0	0	0	0	0.114942528735632	0	0.344827586206897	0	0
24050	41842	"Lengi Egga"	46.39429	7.97395	50	"AWI"	50	3826	4318	4039	3.66624525916561	0	6.44753476611884	0	0	0	1.76991150442478	0	0.632111251580278	0	0	0	0	0	0.126422250316056	0	0.126422250316056	0.884955752212389	0	38.1795195954488	0	0	0	0	0.126422250316056	0	0	0	0	0	0	0	0.505689001264223	0	0	0	0	0	0	0	12.1365360303413	34.2604298356511	0	0	0	0	0.252844500632111	0	0	0	0	0.126422250316056	0	0.379266750948167	0	0	0	0	0.126422250316056	0	0	0.252844500632111	0
24050	41842	"Lengi Egga"	46.39429	7.97395	52.5	"AWI"	52.5	4014.5	4391.5	4188.5	4.22297297297297	0	5.40540540540541	0	0	0	1.85810810810811	0	1.01351351351351	0	0	0.675675675675676	0.337837837837838	0	0.337837837837838	0	0.337837837837838	2.19594594594595	0	34.1216216216216	0	0	0	0	0	0	0	0	0	0	0.337837837837838	0	0.337837837837838	0	0.168918918918919	0	0	0	0	0	11.3175675675676	35.8108108108108	0	0	0	0	0.168918918918919	0.168918918918919	0	0	0	0	0	0	0	0	0	0.168918918918919	0.337837837837838	0.168918918918919	0	0.506756756756757	0
24050	41842	"Lengi Egga"	46.39429	7.97395	55	"AWI"	55	4114	4527	4343	3.17965023847377	0.158982511923688	5.72337042925278	0	0	0	3.49761526232114	0	0.317965023847377	0	0	0	0	0	0.158982511923688	0	0.635930047694754	2.22575516693164	0	33.7042925278219	0	0	0	0	0	0	0	0	0	0	0.317965023847377	0	0.158982511923688	0	0	0	0	0	0	0	11.7647058823529	36.724960254372	0	0	0	0	0.158982511923688	0	0	0	0	0	0	0.317965023847377	0	0	0	0	0.158982511923688	0	0.476947535771065	0.317965023847377	0
24050	41842	"Lengi Egga"	46.39429	7.97395	57.5	"AWI"	57.5	4232	4691	4468	3.87275242047026	0	7.74550484094053	0.138312586445367	0	0	2.35131396957123	0	0.553250345781466	0	0	0	0	0	0.276625172890733	0	0	1.79806362378976	0.138312586445367	29.3222683264177	0	0	0	0	0.4149377593361	0	0	0	0	0	0	0	0.276625172890733	0	0	0	0	0	0	0	10.0968188105118	41.2171507607192	0	0	0	0	0.138312586445367	0	0	0	0	0.138312586445367	0	0.4149377593361	0	0	0	0	0.138312586445367	0.4149377593361	0.4149377593361	0.138312586445367	0
24050	41842	"Lengi Egga"	46.39429	7.97395	59	"AWI"	59	4272	4872	4534	4.94417862838915	0	6.69856459330144	0.159489633173844	0	0	2.5518341307815	0	0.478468899521531	0	0	0.318979266347687	0	0	0.478468899521531	0	0.318979266347687	1.27591706539075	0	21.0526315789474	0	0	0.318979266347687	0	0.318979266347687	0	0	0	0	0	0.637958532695375	0	0.478468899521531	0	0	0	0	0	0	0	12.280701754386	45.933014354067	0	0	0	0	0.478468899521531	0	0	0	0	0	0	0.159489633173844	0	0	0.159489633173844	0	0	0.956937799043062	0	0	0
24050	41842	"Lengi Egga"	46.39429	7.97395	79	"AWI"	79	5278	5576	5463	6.02409638554217	0	3.21285140562249	0	0.602409638554217	0	3.21285140562249	0	0.602409638554217	0	0	0	0	0	0.602409638554217	0	0.200803212851406	1.40562248995984	0	21.0843373493976	0	0	0	0	0	0	0	0	0	0	0.200803212851406	0	0	0	0	0	0	0	0	0	3.21285140562249	57.6305220883534	0	0	0	0	0	0	0	0	0	0	0	0.803212851405622	0	0	0	0	0.200803212851406	0.602409638554217	0.401606425702811	0	0
24050	41842	"Lengi Egga"	46.39429	7.97395	82	"AWI"	82	5394	5690	5573	6.88935281837161	0.417536534446764	2.50521920668058	0.208768267223382	0	0	3.13152400835073	0	0.835073068893528	0	0.208768267223382	0	0	0	1.46137787056367	0	0.417536534446764	2.50521920668058	0	22.1294363256785	0	0	0	0	0	0	0	0	0.208768267223382	0	0.417536534446764	0	0	0	0	0	0	0	0	0	1.25260960334029	54.4885177453027	0	0	0	0	0	0	0	0	0	0.208768267223382	0	0.626304801670146	0	0	0.208768267223382	0	0	1.25260960334029	0.626304801670146	0	0
24050	41842	"Lengi Egga"	46.39429	7.97395	83.5	"AWI"	83.5	5428	5775	5619.5	8.87096774193548	0	1.61290322580645	0.201612903225806	0	0	3.83064516129032	0	0.403225806451613	0	0	0	0	0	0.201612903225806	0	0	1.20967741935484	0	9.67741935483871	0	0	0	0	0	0	0	0	0	0	0.201612903225806	0	0	0	0	0	0	0.604838709677419	0	0	1.61290322580645	70.5645161290323	0	0	0	0	0	0	0	0	0	0	0	0.403225806451613	0	0	0.201612903225806	0	0	0.201612903225806	0.201612903225806	0	0
24050	41842	"Lengi Egga"	46.39429	7.97395	85	"AWI"	85	5457	5870	5667	11.4213197969543	0	0	0	0	0	3.04568527918782	0	0	0	0	0	0	0	2.28426395939086	0	0	3.2994923857868	0	9.64467005076142	0	0	0	0	0	0.253807106598985	0	0	0	0	0.253807106598985	0	0	0	0	0	0	0	0	0	2.53807106598985	65.2284263959391	0	0	0	0	0.253807106598985	0	0	0	0	0	0	0.253807106598985	0	0	0	0	0.50761421319797	0.761421319796954	0.253807106598985	0	0
24050	41842	"Lengi Egga"	46.39429	7.97395	87.5	"AWI"	87.5	5620.5	5915	5754	8.18181818181818	0.181818181818182	2.54545454545455	0	0	0	2.18181818181818	0	0.363636363636364	0	0	0	0	0	0.181818181818182	0	0	3.63636363636364	0	11.2727272727273	0	0	0	0	0	0	0	0	0.181818181818182	0	0	0	0	0	0.181818181818182	0	0	0	0	0	1.09090909090909	67.8181818181818	0	0	0	0	0	0	0	0	0	0	0	0.909090909090909	0	0	0.181818181818182	0	0	0.727272727272727	0.363636363636364	0	0
24050	41842	"Lengi Egga"	46.39429	7.97395	90	"AWI"	90	5719	5989	5852	10.6888361045131	0	0	0	0	0	1.18764845605701	0	0.237529691211401	0	0	0.475059382422803	0	0	0.712589073634204	0	0.237529691211401	2.37529691211401	0	22.5653206650831	0	0	0	0	0	0	0	0	0	0	0	0	0	0	0	0	0	0	0	0	0.950118764845606	58.4323040380047	0	0	0	0	0	0	0	0	0	0	0	0.712589073634204	0	0	0	0	0	0.712589073634204	0.712589073634204	0	0
24050	41842	"Lengi Egga"	46.39429	7.97395	92.5	"AWI"	92.5	5834	6143	5993	10.2669404517454	0.205338809034908	2.25872689938398	0.205338809034908	0	0	1.43737166324435	0	0.82135523613963	0	0	0	0	0	0.82135523613963	0	0.205338809034908	1.64271047227926	0.205338809034908	16.2217659137577	0	0	0	0	0	0	0	0	0	0	0	0	0.205338809034908	0	0.205338809034908	0	0	0	0	0	0.82135523613963	62.6283367556468	0	0	0	0	0.205338809034908	0	0	0	0	0.205338809034908	0	0	0	0	0	0	0.616016427104723	0.410677618069815	0.410677618069815	0	0
24050	41842	"Lengi Egga"	46.39429	7.97395	95	"AWI"	95	5894	6365	6133	14.1414141414141	0.336700336700337	0	0	0	0	1.68350168350168	0	2.18855218855219	0	0.168350168350168	0	0	0	0	0	0.505050505050505	2.69360269360269	0	11.7845117845118	0	0	0	0	0.168350168350168	0	0	0	0.336700336700337	0	0	0	0	0	0	0	0	0	0	0	0.168350168350168	63.4680134680135	0	0	0	0	0.505050505050505	0	0	0	0	0	0	0.336700336700337	0	0.673400673400673	0.168350168350168	0	0.168350168350168	0.505050505050505	0	0	0
24050	41842	"Lengi Egga"	46.39429	7.97395	97.5	"AWI"	97.5	6239	6469.5	6329	8.44277673545966	0.187617260787992	3.37711069418387	0	0	0	3.37711069418387	0	0.562851782363977	0	0	0	0	0	0	0	0.187617260787992	3.18949343339587	0	13.6960600375235	0	0	0	0	0	0	0	0	0.187617260787992	0	0	0	0.375234521575985	0	0	0	0	0	0	0	0.75046904315197	63.6022514071295	0	0	0	0	0	0	0	0	0	0	0	0.562851782363977	0	0	0	0	0	0.375234521575985	1.12570356472795	0	0
24050	41842	"Lengi Egga"	46.39429	7.97395	100	"AWI"	100	6360	6746	6532	10.8474576271186	0.169491525423729	0	0	0	0	1.52542372881356	0	0.847457627118644	0	0	0	0	0	0.338983050847458	0	0.338983050847458	2.20338983050847	0	12.3728813559322	0	0	0	0	0	0	0	0	0	0	0.508474576271186	0	0	0	0	0	0	0	0	0	0.338983050847458	67.6271186440678	0	0	0	0	0.338983050847458	0	0	0	0	0	0	0.338983050847458	0	0	0.508474576271186	0	0.169491525423729	0.847457627118644	0.677966101694915	0	0
24050	41842	"Lengi Egga"	46.39429	7.97395	102.5	"AWI"	102.5	6622.5	6944	6777	15.2941176470588	0	0	0	0	0	1.37254901960784	0	1.17647058823529	0	0	0	0	0	0.196078431372549	0	0	2.15686274509804	0	8.43137254901961	0	0	0	0	0	0	0	0	0	0	0.196078431372549	0	0.196078431372549	0	0	0	0	0	0	0	0.588235294117647	68.0392156862745	0	0	0	0	0.392156862745098	0	0	0	0	0.196078431372549	0	0.392156862745098	0	0	0	0	0.392156862745098	0.196078431372549	0.784313725490196	0	0
24050	41842	"Lengi Egga"	46.39429	7.97395	105	"AWI"	105	6790	7227	7017	9.92217898832685	0	2.52918287937743	0	0	0	1.75097276264591	0	1.75097276264591	0	0	0	0	0	0.778210116731518	0	0	3.50194552529183	0	16.5369649805447	0	0	0	0	0.194552529182879	0	0	0	0	0	0.389105058365759	0	0	0	0	0	0	0	0	0	0	59.727626459144	0	0	0	0	0	0	0	0	0	0	0	0.194552529182879	0	0	0.194552529182879	0	0.389105058365759	1.75097276264591	0.389105058365759	0	0
24050	41842	"Lengi Egga"	46.39429	7.97395	107.5	"AWI"	107.5	7016	7376.5	7203.5	9.59147424511545	0.177619893428064	1.42095914742451	0	0	0	1.42095914742451	0	0.532859680284192	0	0.177619893428064	0	0	0	0	0	0.177619893428064	3.19715808170515	0	20.4262877442274	0	0	0	0	0	0	0.177619893428064	0	0.177619893428064	0	0.355239786856128	0	0	0	0	0	0	0	0	0	0.177619893428064	59.1474245115453	0	0	0	0	0	0	0	0	0	0	0	0.355239786856128	0	0	0	0	0.177619893428064	1.06571936056838	1.24333925399645	0	0
24050	41842	"Lengi Egga"	46.39429	7.97395	110	"AWI"	110	7102	7653	7385	13.75	0	2.14285714285714	0	0	0.178571428571429	0.892857142857143	0	0.892857142857143	0	0	0	0	0	0	0	0	3.39285714285714	0	9.64285714285714	0	0	0	0	0	0.178571428571429	0	0	0	0	0	0	0.178571428571429	0	0	0	0	0	0	0	0.178571428571429	63.75	0	0	0	0	0.357142857142857	0	2.67857142857143	0	0	0	0	0.178571428571429	0	0	0	0	0	1.42857142857143	0.178571428571429	0	0
24050	41842	"Lengi Egga"	46.39429	7.97395	112.5	"AWI"	112.5	7349	7693.5	7522	12.8491620111732	0	0	0	0	0	2.42085661080074	0	1.48975791433892	0	0	0	0	0	0.37243947858473	0	0	4.09683426443203	0	8.93854748603352	0	0	0	0	0	0	0	0	0	0	0.74487895716946	0	0	0	0	0	0	0	0	0	0	67.2253258845438	0	0	0	0	0.186219739292365	0	0	0	0	0	0	0.186219739292365	0	0	0	0	0.558659217877095	0.186219739292365	0.74487895716946	0	0
24050	41842	"Lengi Egga"	46.39429	7.97395	115	"AWI"	115	7520	7777	7667	13.1416837782341	0	0	0	0	0	1.23203285420945	0	1.23203285420945	0	0	0	0	0	1.43737166324435	0	0	3.28542094455852	0	8.82956878850103	0	0	0	0	0	0	0	0	0.205338809034908	0	0.205338809034908	0	0.410677618069815	0	0	0	0	0	0	0	0.205338809034908	67.3511293634497	0	0	0	0	0.616016427104723	0	0	0	0	0	0	0.205338809034908	0	0	0	0	0	1.43737166324435	0.205338809034908	0	0
24050	41842	"Lengi Egga"	46.39429	7.97395	117.5	"AWI"	117.5	7606	7825	7721.5	8.97155361050328	0	0	0	0	0	1.09409190371991	0	0.87527352297593	0	0	0.437636761487965	0	0	0.437636761487965	0	0	6.34573304157549	0	11.1597374179431	0	0	0	0	0	0.218818380743982	0	0	0.218818380743982	0	0.218818380743982	0	2.40700218818381	0	0	0	0	0	0	0	0.218818380743982	64.3326039387308	0	0	0	0	0.218818380743982	0	0	0	0	0.218818380743982	0	0.218818380743982	0	0	0	0	0.656455142231947	0.87527352297593	0.87527352297593	0	0
24050	41842	"Lengi Egga"	46.39429	7.97395	120	"AWI"	120	7650	7907	7775	6	0	0	0	0	0	1.63636363636364	0	2	0	0	0	0	0	0.363636363636364	0	0	2.72727272727273	0	10.9090909090909	0	0	0	0	0	0	0	0	0	0	0	0	0	0	0	0	0	0	0	0	0.181818181818182	71.6363636363636	0	0	0	0	0.181818181818182	0	0	0	0	0	0	0.727272727272727	0	0	0	0	0.363636363636364	1.45454545454545	1.81818181818182	0	0
24050	41842	"Lengi Egga"	46.39429	7.97395	122.5	"AWI"	122.5	7731.5	7997.5	7862.5	7.35930735930736	0	0	0	0	0	2.16450216450216	0	2.16450216450216	0	0	0	0	0	0.432900432900433	0	0.432900432900433	6.06060606060606	0	10.1731601731602	0	0	0	0	0	0	0	0	0	0	0	0	0.649350649350649	0	0	0	0	0	0	0	0.216450216450216	65.1515151515152	0	0	0	0	0.432900432900433	0.216450216450216	0	0	0	0.216450216450216	0	0.432900432900433	0	0	0	0	0.216450216450216	1.94805194805195	1.73160173160173	0	0
24050	41842	"Lengi Egga"	46.39429	7.97395	125	"AWI"	125	7769	8196	7943	6.66666666666667	0	0	0	0	0	1.21212121212121	0	2.42424242424242	0	0	0	0	0	0.808080808080808	0	0.202020202020202	4.24242424242424	0	12.3232323232323	0	0	0	0	0	0	0	0	0	0	0.202020202020202	0	0	0	0	0	0	0	0	0	0	67.6767676767677	0	0	0	0	0.808080808080808	0	0	0	0	0	0	0.606060606060606	0	0	0.202020202020202	0	0.202020202020202	0.606060606060606	1.81818181818182	0	0
24050	41842	"Lengi Egga"	46.39429	7.97395	127.5	"AWI"	127.5	7872.5	8322	8082	6.6147859922179	0	0	0	0	0	1.94552529182879	0	1.36186770428016	0	0	0	0	0	0.583657587548638	0	0	4.47470817120623	0	20.2334630350195	0	0	0	0	0	0	0	0	0.194552529182879	0	0.389105058365759	0	0.194552529182879	0	0	0.194552529182879	0	0	0	0	0	59.5330739299611	0	0	0	0	0.194552529182879	0	0	0	0	0.194552529182879	0	1.16731517509728	0	0	0	0	0	1.16731517509728	1.55642023346304	0	0
24050	41842	"Lengi Egga"	46.39429	7.97395	130	"AWI"	130	7927	8528	8211	5.2991452991453	0.170940170940171	2.39316239316239	0	0	0	0.854700854700855	0	2.05128205128205	0	0	0	0	0	0.683760683760684	0	0	5.12820512820513	0	14.5299145299145	0.170940170940171	0	0	0	0	0	0	0	0.170940170940171	0	0	0	0.341880341880342	0	0	0	0	0	0	0	0	64.2735042735043	0	0	0	0	0	0	0	0	0	0.512820512820513	0	0.512820512820513	0	0	0.170940170940171	0	0	1.36752136752137	1.36752136752137	0	0
24050	41842	"Lengi Egga"	46.39429	7.97395	132.5	"AWI"	132.5	8158.5	8614.5	8346.5	7.82312925170068	0	1.53061224489796	0	0	0	1.02040816326531	0	1.02040816326531	0	0	0	0	0	0.510204081632653	0	0	10.0340136054422	0	7.6530612244898	0	0	0	0	0	0	0	0	0	0	0	0	0.510204081632653	0	0	0	0	0	0	0	0	66.6666666666667	0	0	0	0	0	0	0	0	0	0	0	1.02040816326531	0	0	0	0	0	0.850340136054422	1.36054421768707	0	0
24050	41842	"Lengi Egga"	46.39429	7.97395	135	"AWI"	135	8297	8792	8483	4.8936170212766	0	0	0	0	0	1.91489361702128	0	1.48936170212766	0	0	0	0	0	1.06382978723404	0	0	11.4893617021277	0	10.8510638297872	0	0	0	0	0	0	0	0	0	0	0	0	0	0	0	0	0	0	0	0	0	64.6808510638298	0	0	0	0	0.638297872340425	0	0	0	0	0	0	0	0	0	0	0	0.212765957446809	1.91489361702128	0.851063829787234	0	0
24050	41842	"Lengi Egga"	46.39429	7.97395	137.5	"AWI"	137.5	8492.5	8954.5	8666	5.73613766730401	0	0	0	0	0	1.33843212237094	0	1.1472275334608	0	0	0	0	0	0.382409177820268	0	0	9.36902485659656	0	9.56022944550669	0	0	0	0	0	0	0	0	0	0	0.191204588910134	0	0.191204588910134	0	0	0	0	0	0	0	0	67.8776290630975	0	0	0	0	0.573613766730402	0	0	0	0	0	0	0	0	0	0	0	0.191204588910134	0.382409177820268	3.05927342256214	0	0
24050	41842	"Lengi Egga"	46.39429	7.97395	140	"AWI"	140	8556	9297	8841	5.03472222222222	0	1.73611111111111	0	0	0	1.38888888888889	0	2.60416666666667	0	0	0	0	0	0.347222222222222	0	0	10.9375	0.173611111111111	5.03472222222222	0	0	0	0	0	0	0	0	0	0	0.173611111111111	0	0.173611111111111	0	0	0	0	0	0	0	0	66.1458333333333	0	0	0	0	1.5625	0	0	0	0	0.520833333333333	0	0.173611111111111	0	0	0	0.173611111111111	0.173611111111111	1.90972222222222	1.73611111111111	0	0
24050	41842	"Lengi Egga"	46.39429	7.97395	142.5	"AWI"	142.5	8691.5	9424.5	9047.5	5.40540540540541	0	0	0	0	0	2.12355212355212	0	1.54440154440154	0	0	0	0	0	0.965250965250965	0	0	11.003861003861	0.193050193050193	8.68725868725869	0	0	0	0	0	0	0	0	0.386100386100386	0	0.386100386100386	0	0	0	0	0	0	0	0	0	0	65.6370656370656	0	0	0	0	0.386100386100386	0	0	0	0	0	0	0.386100386100386	0	0	0.193050193050193	0	0	1.54440154440154	1.15830115830116	0	0
24050	41842	"Lengi Egga"	46.39429	7.97395	145	"AWI"	145	8784	9660	9242	3.28638497652582	0	0	0	0	0	2.19092331768388	0	2.8169014084507	0	0	0.782472613458529	0	0	0.938967136150235	0	0	11.4241001564945	0	9.54616588419405	0	0	0	0	0	0	0	0	0	0	0	0	0.625978090766823	0	0	0	0	0	0	0	0	60.2503912363067	0	0	0	0	0.625978090766823	0	3.75586854460094	0.156494522691706	0	0	0	1.56494522691706	0	0	0	0	0.156494522691706	0.938967136150235	0.938967136150235	0	0
24050	41842	"Lengi Egga"	46.39429	7.97395	147.5	"AWI"	147.5	9166	9794.5	9424.5	2.32558139534884	0	0	0	0	0	1.07334525939177	0	2.14669051878354	0	0	0.35778175313059	0	0	0.35778175313059	0	0	20.3935599284437	0	7.69230769230769	0	0	0	0	0	0	0	0	0	0	0	0	0	0	0	0	0	0	0	0	0	62.9695885509839	0	0	0	0	0.536672629695885	0	0	0	0	0	0	0	0	0	0	0	0.536672629695885	0.715563506261181	0.894454382826476	0	0
24050	41842	"Lengi Egga"	46.39429	7.97395	150	"AWI"	150	9440	10008	9604	2.30414746543779	0	1.22887864823349	0	0	0	1.38248847926267	0	3.2258064516129	0	0	0	0	0	0.153609831029186	0	0	9.67741935483871	0	5.83717357910906	0	0	0	0	0	0	0	0	0	0	0.307219662058372	0	0	0	0	0	0	0	0	0	0	72.6574500768049	0	0	0	0	0	0	0	0	0	0.153609831029186	0	0.307219662058372	0	0	0	0	0.153609831029186	1.99692780337942	0.614439324116744	0	0
24050	41842	"Lengi Egga"	46.39429	7.97395	152.5	"AWI"	152.5	9637	10217	9907	0.559701492537313	0	0	0.373134328358209	0	0	1.11940298507463	0	2.05223880597015	0	0.186567164179104	0	0	0	0.186567164179104	0	0	13.4328358208955	0	5.03731343283582	0	0	0	0	0	0	0	0	0.186567164179104	0	0	0	0	0	0	0	0	0	0	0	0	73.3208955223881	0	0	0	0	0.186567164179104	0	0	0	0	0.186567164179104	0	0	0	0	0	0	0	0.746268656716418	2.42537313432836	0	0
24050	41842	"Lengi Egga"	46.39429	7.97395	155	"AWI"	155	9744	10624	10190	0	0	0	0.171526586620926	0	0	1.54373927958834	0	3.08747855917667	0	0.171526586620926	0	0	0	0.171526586620926	0	0	6.68953687821612	0	1.20068610634648	0	0	0	0	0	0	0.171526586620926	0	0	0	0.343053173241852	0	0.343053173241852	0	0	0	0	0	0	0	0	85.4202401372213	0	0	0	0	0	0	0	0	0	0	0	0	0	0	0	0	0	0.171526586620926	0.514579759862779	0	0
24050	41842	"Lengi Egga"	46.39429	7.97395	157.5	"AWI"	157.5	10236	10800	10502.5	0.145985401459854	0	0	0	0	0	2.62773722627737	0	1.60583941605839	0	0	0	0	0	0.437956204379562	0	0	3.21167883211679	0	3.06569343065693	0	0	0	0	0	0	0	0	0	0	0	0	0	0	0	0	0	0	0	0	0	87.5912408759124	0	0	0	0	0	0	0	0	0	0	0	0.291970802919708	0	0	0	0	0.145985401459854	0.145985401459854	0.72992700729927	0	0
24050	41842	"Lengi Egga"	46.39429	7.97395	160	"AWI"	160	10452	11188	10813	0	0	0	0.173010380622837	0	0	3.63321799307958	0	1.73010380622837	0	0	0	0	0	0.519031141868512	0	0	0.346020761245675	0	1.3840830449827	0	0	0	0	0	0	0	0	0	0	0.173010380622837	0	0	0	0	0	0	0	0	0	0	89.7923875432526	0	0	0	0	0.865051903114187	0	0	0	0	0.346020761245675	0	0.69204152249135	0	0	0	0	0.346020761245675	0	0	0	0
24050	41842	"Lengi Egga"	46.39429	7.97395	162.5	"AWI"	162.5	10682.5	11318	11019	0	0	0	0.21505376344086	0	0	9.03225806451613	0	0	0	0	0	0	0	1.0752688172043	0	0	0.21505376344086	0	0.645161290322581	0	0	0	0	0	0	0	0	0	0	0	0	0	0	0	0	0	0	0	0	0	87.741935483871	0	0	0	0	0	0	0	0	0	0.860215053763441	0	0	0	0	0	0	0.21505376344086	0	0	0	0
24050	41842	"Lengi Egga"	46.39429	7.97395	165	"AWI"	165	10791	11597	11220	0	0	0	0.346620450606586	0	0	10.2253032928943	0	0.173310225303293	0	0	0	0	0	0	0	0	0	0	1.03986135181976	0	0	0	0	0	0	0	0	0	0	0	0	0	0	0	0	0	0	0	0	0	87.5216637781629	0	0	0	0	0.173310225303293	0	0	0	0	0.173310225303293	0	0.173310225303293	0	0	0	0	0.173310225303293	0	0	0	0
24050	41842	"Lengi Egga"	46.39429	7.97395	167.5	"AWI"	167.5	10924	11709.5	11354.5	0	0	0	0.649350649350649	0	0	43.1818181818182	0	1.2987012987013	0	0	0	0	0	0.649350649350649	0	0	0	0	0.974025974025974	0	0	0	0	0	0	0	0	0	0	0	0	0	0	0	0	0	0	0	0	0	51.9480519480519	0	0	0	0	0.324675324675325	0	0	0	0	0	0	0	0	0	0.324675324675325	0	0.649350649350649	0	0	0	0
24050	41842	"Lengi Egga"	46.39429	7.97395	170	"AWI"	170	11036	11930	11503	0	0	0	1.10236220472441	0	0	39.5275590551181	0	0.78740157480315	0	0	0	0	0	0.31496062992126	0	0	0	0	2.04724409448819	0	0	0	0	0	0	0	0	0	0	0	0	0.15748031496063	0	0	0	0	0.15748031496063	0	0	0	54.1732283464567	0	0	0	0	0.15748031496063	0	0	0	0	0.62992125984252	0	0.31496062992126	0	0	0	0	0.62992125984252	0	0	0	0
24050	41842	"Lengi Egga"	46.39429	7.97395	176	"AWI"	176	11299	12267	11746	0	0	0	2.13592233009709	0	0	29.5145631067961	0	4.66019417475728	0	0	0	0	0	0	0	0	0	0	2.13592233009709	0	0	0	0	0	0	0	0	0	0	0.776699029126214	0	0.58252427184466	0	0	0	0	0	0	0	0	59.0291262135922	0	0	0	0	0.194174757281553	0	0	0	0	0	0	0	0	0	0	0	0.776699029126214	0	0.194174757281553	0	0
24050	41842	"Lengi Egga"	46.39429	7.97395	183	"AWI"	183	11541	12586	12041	0.418410041841004	0	0	0.836820083682008	0	0	29.7071129707113	0	4.18410041841004	0	0	0	0	0	0	0	0	0.418410041841004	0	2.09205020920502	0	0	0	0	0	0	0	0	0	0	0.836820083682008	0	1.25523012552301	0	0	0	0	0	0	0	0	59.4142259414226	0	0	0	0	0	0	0	0	0	0	0	0	0	0	0	0	0.418410041841004	0	0	0.418410041841004	0
24050	41842	"Lengi Egga"	46.39429	7.97395	190	"AWI"	190	11783	12862	12336	0	0	0	0.917431192660551	0	0	26.605504587156	0	1.8348623853211	0	0	0	0	0	0	0	0	0	0	1.37614678899083	0	0	0	0	0	0	0	0	0	0	0	0	0	0	0	0	0	0	0	0	0	67.4311926605505	0	0	0	0	0.458715596330275	0	0	0	0	0	0	0	0	0	0	0	0.917431192660551	0.458715596330275	0	0	0
