# Species file for Castanea, generated on Rstudio with CMA-ES algorithm, on the 2023-09-11
MRN	=	0.0011
QDIX	=	2.1
tc	=	0.5
Tbase	=	15
Oi0	=	205
Ko0	=	248
Kc0	=	404
cVc	=	26.35
cVo	=	22.98
cKc	=	404.9
cKo	=	278.4
cgama	=	42.75
EaKc	=	79430
EaKo	=	36380
EaVc	=	65330
EaVo	=	60110
Eagama	=	37830
rdtq	=	0.24
coefbeta	=	2.2
KAR	=	0.4
Cd	=	0.2
Zosol	=	0.001
K1	=	3.9
K2	=	4.9
K3	=	7.3
K4	=	6
K5	=	14.8
K6	=	18.5
K7	=	0.2
K8	=	0.0045
Cph	=	1.01
R	=	8.3144621
IO	=	1370
gsolmax	=	0.003
gsolmin	=	7.75e-05
emsg	=	0.96
Alit	=	0.28
Asoil	=	0.39

# speciesCode	speciesName	CRF	CRRG	CRRF	CRBV	Crrepro	tronviv	branviv	rgviv	Lignroots	LIGNrl	LIGNll	LIGNfb	LIGNcb	LIGNcr	TGSS	Nitrogen	NRG	NRF	NBR	NTV	NSS	Nrepro	potToWood	GBVmin	TMRF	ratioBR	RS	coefrac	ratioG	TMBV	SF	LMA0	KLMA	alphal	alphab	CrownArea1	CrownArea2	CoefLAI1	CoefLAI2	CoefLAI3	aDBH	bDBH	aGF	bGF	Phi	ros	logaRDI	bRDI	clumping	RauwPIR	RauwPAR	RaufPIR	TaufPIR	RaufPAR	TaufPAR	emsf	Tleaf	Tbark	CIA	CIB	propec	g0	g1	RSoilleaf	CapSoilleaf	P50	P50Roots	pleafMin	Kplantini	EaVJ	ETT	JMT	NC	teta	TBASEA	TBASEB	TBASEC	NSTART	NSTART3	TSUMBB	HSUMFL	HSUMLMA	TSUMLFAL	SmatchDelay	SShape	Rec0	frec0	T1rec	T2rec	T3rec	T6rec	fa0	fd0	ffrost	woodStop	FHminfe	FHmax	decidue	cohorLeaves	reservesToReproduce	reservesToMortality	reserveToLeafFall	BSSminCrit	rateOfSeed	rateOfSeedJourne	seedMass_mg	seedMass_mu	auxiliaryReproStructure	seedMortality	seedsperFruit
1	Abies alba	0.909471007238501	3.36994132732022	0.363948670009582	3.6635088720143	2.40333249442441	0.0253721344390038	0.242320118762532	0.250308782055506	25	0.38	0.38	0.35	0.35	0.38	0.159279300687782	4.16625800998142	0.287990446977135	-0.218910343313003	0.926050929663085	1.63749449947936	0.04	4.50458322296644	-1.5	0.580872954791534	9.67704869671296	0.0801991024286262	0.670127464218992	0.188974927573924	0.22	0.00321845762140712	455.931785219763	62.581113295337	0.264950475064875	35.9346881515567	6.34528186304179	0.272053085941193	0.076965107908566	1.02558196304983	1.6480149641153	0.3	-0.734043701116076	3.454113869186	2.40700794494938	0.830532076136494	0.660661622756295	405.341357855036	18.846100267512	-1.56712411455701	0.668722748285901	0.314	0.135	0.3317	0.264	0.086	0.0376	0.97	1.59899277955271	1.8125468354539	4.81729232800408	3.84921687864723	1	0.00234873237271269	27.0598603127496	55264.7773964846	0.04	-5.22393673891385	-7.62719689978427	-6.98195466492899	0.282219078341526	37000	710	220000	49.1573335882069	0.7	-4.73020739317086	-0.718832401666647	20	6.59346338427393	213	559.757595461466	820.532394802254	1371.88919385312	245.189779126365	120	3	111.510720112124	0.36929663265794	0	-2.59303951786764	-20.0675858655951	-13.2232889038287	0.293176872398491	0.479353405559312	0.0448806174081245	658.143892732917	-9.20765566516937	-78.2303729902931	2	11	255.564773096112	129.567317109059	4.7687120804864	50	0.2	0.003	79	0.01643	0.19526755312584	0.0530415436811554	238.60412929964
