# Species file for Castanea, generated on Rstudio with CMA-ES algorithm, on the 2023-10-04
MRN	=	0.0011
QDIX	=	2.1
tc	=	0.5
Tbase	=	15
Oi0	=	205
Ko0	=	248
Kc0	=	404
cVc	=	26.35
cVo	=	22.98
cKc	=	404.9
cKo	=	278.4
cgama	=	42.75
EaKc	=	79430
EaKo	=	36380
EaVc	=	65330
EaVo	=	60110
Eagama	=	37830
rdtq	=	0.24
coefbeta	=	2.2
KAR	=	0.4
Cd	=	0.2
Zosol	=	0.001
K1	=	3.9
K2	=	4.9
K3	=	7.3
K4	=	6
K5	=	14.8
K6	=	18.5
K7	=	0.2
K8	=	0.0045
Cph	=	1.01
R	=	8.3144621
IO	=	1370
gsolmax	=	0.003
gsolmin	=	7.75e-05
emsg	=	0.96
Alit	=	0.28
Asoil	=	0.39

# speciesCode	speciesName	CRF	CRRG	CRRF	CRBV	Crrepro	tronviv	branviv	rgviv	Lignroots	LIGNrl	LIGNll	LIGNfb	LIGNcb	LIGNcr	TGSS	Nitrogen	NRG	NRF	NBR	NTV	NSS	Nrepro	potToWood	GBVmin	TMRF	ratioBR	RS	coefrac	ratioG	TMBV	SF	LMA0	KLMA	alphal	alphab	CrownArea1	CrownArea2	CoefLAI1	CoefLAI2	CoefLAI3	aDBH	bDBH	aGF	bGF	Phi	ros	logaRDI	bRDI	clumping	RauwPIR	RauwPAR	RaufPIR	TaufPIR	RaufPAR	TaufPAR	emsf	Tleaf	Tbark	CIA	CIB	propec	g0	g1	RSoilleaf	CapSoilleaf	P50	P50Roots	pleafMin	Kplantini	EaVJ	ETT	JMT	NC	teta	TBASEA	TBASEB	TBASEC	NSTART	NSTART3	TSUMBB	HSUMFL	HSUMLMA	TSUMLFAL	SmatchDelay	SShape	Rec0	frec0	T1rec	T2rec	T3rec	T6rec	fa0	fd0	ffrost	woodStop	FHminfe	FHmax	decidue	cohorLeaves	reservesToReproduce	reservesToMortality	reserveToLeafFall	BSSminCrit	rateOfSeed	rateOfSeedJourne	seedMass_mg	seedMass_mu	auxiliaryReproStructure	seedMortality	seedsperFruit
3	Fagus sylvatica	3.72959789388671	1.77574049900427	3.01997088778166	4.24340257830282	1.34506547682371	0.0625639466664312	0.233867320459205	0.0665659696518167	25	0.38	0.38	0.35	0.35	0.38	0.229209073645779	9.17092414316574	0.471693173316305	8.74713773658757	3.59290788320147	0.717088516319878	0.04	4.48864069838206	-1.5	0.123485239095829	2.13092533600615	0.000582437324232876	0.0751833246175982	0.826640239416608	0.22	0.00320080412655403	2849.54523430683	128.720177758894	0.451549199282699	2.80038269071761	32.1123122870797	0.318000761544876	0.997214761630978	1.38789044806088	2.44688076273746	0.3	-3.80988611403477	0.598656069156995	3.91908299903191	0.29865836733355	0.891029763814984	471.442156138642	9.21808357717221	-2.52965837866692	0.431299182108667	0.314	0.135	0.356	0.377	0.0877	0.055	0.97	0.362225689446566	4.57688044221593	3.38526008487936	5.70386940106468	1	0.00301855277050844	8.66517239582551	44070.994111981	0.04	-8.98764367702787	-6.50991803274246	-5.4635950944061	0.35707922413199	37000	710	220000	32.6400826756425	0.7	-2.53021306852421	7.03859828133637	20	82.1591645173828	213	967.415944723459	842.707132371642	1175.67082223435	304.988990636097	0	0	256.624403987488	0.403885784654827	0	-5.37979427760498	-14.3416782254175	-24.9158678948659	0.44573253967515	0.0310319732061048	0.256956262137314	617.070830004852	-5.63971280417511	-54.1559597773392	1	1	242.354698278535	110.810529471107	17.5147932289396	-80	0.2	0.003	167.7	2.8	0.453886001379945	0.403598056431452	192.254330156022
