# Species file for Castanea, generated on Rstudio with CMA-ES algorithm, on the 2023-10-08
MRN	=	0.0011
QDIX	=	2.1
tc	=	0.5
Tbase	=	15
Oi0	=	205
Ko0	=	248
Kc0	=	404
cVc	=	26.35
cVo	=	22.98
cKc	=	404.9
cKo	=	278.4
cgama	=	42.75
EaKc	=	79430
EaKo	=	36380
EaVc	=	65330
EaVo	=	60110
Eagama	=	37830
rdtq	=	0.24
coefbeta	=	2.2
KAR	=	0.4
Cd	=	0.2
Zosol	=	0.001
K1	=	3.9
K2	=	4.9
K3	=	7.3
K4	=	6
K5	=	14.8
K6	=	18.5
K7	=	0.2
K8	=	0.0045
Cph	=	1.01
R	=	8.3144621
IO	=	1370
gsolmax	=	0.003
gsolmin	=	7.75e-05
emsg	=	0.96
Alit	=	0.28
Asoil	=	0.39

# speciesCode	speciesName	CRF	CRRG	CRRF	CRBV	Crrepro	tronviv	branviv	rgviv	Lignroots	LIGNrl	LIGNll	LIGNfb	LIGNcb	LIGNcr	TGSS	Nitrogen	NRG	NRF	NBR	NTV	NSS	Nrepro	potToWood	GBVmin	TMRF	ratioBR	RS	coefrac	ratioG	TMBV	SF	LMA0	KLMA	alphal	alphab	CrownArea1	CrownArea2	CoefLAI1	CoefLAI2	CoefLAI3	aDBH	bDBH	aGF	bGF	Phi	ros	logaRDI	bRDI	clumping	RauwPIR	RauwPAR	RaufPIR	TaufPIR	RaufPAR	TaufPAR	emsf	Tleaf	Tbark	CIA	CIB	propec	g0	g1	RSoilleaf	CapSoilleaf	P50	P50Roots	pleafMin	Kplantini	EaVJ	ETT	JMT	NC	teta	TBASEA	TBASEB	TBASEC	NSTART	NSTART3	TSUMBB	HSUMFL	HSUMLMA	TSUMLFAL	SmatchDelay	SShape	Rec0	frec0	T1rec	T2rec	T3rec	T6rec	fa0	fd0	ffrost	woodStop	FHminfe	FHmax	decidue	cohorLeaves	reservesToReproduce	reservesToMortality	reserveToLeafFall	BSSminCrit	rateOfSeed	rateOfSeedJourne	seedMass_mg	seedMass_mu	auxiliaryReproStructure	seedMortality	seedsperFruit
11	Quercus ilex	2.1619332545408	1.02829561371118	3.04892841718628	0.608606321757375	1.94459430666711	0.114593975086853	0.20966205615714	0.146953502759118	25	0.38	0.38	0.35	0.35	0.38	0.25804173190246	3.6684773411942	1.11000478508028	0.450433517623408	3.68313074405358	0.276602828921727	0.04	4.9861929760451	-1.5	0.501860095129687	7.38414561726818	0.141025404674351	0.45436110555224	0.733264668623385	0.22	0.00324205071967775	364.830492504582	99.6600329932059	0.449001948806289	58.7820252053568	14.1530179185391	0.260373144609092	-0.205658410854118	1.39220776161366	1.2623035951973	0.3	-4.0427544380192	3.08859931084853	2.72319240203507	0.287791609324634	0.781389046826913	136.853630406297	16.3739442656599	-0.644100284845207	0.917392366831489	0.314	0.135	0.396	0.242	0.123	0.0345	0.97	1.82947164571246	1.00010290622891	3.91544970612342	3.66437531747833	1	0.00346414366457672	33.9462742479361	77184.5499735836	0.04	-5.54323564432102	-7.69945243870795	-4.03370063176228	0.565253969553305	37000	710	220000	46.620114565996	0.7	-3.16567103608595	8.26617615374624	20	93.9673803351272	213	860.665617259735	1649.35458354838	990.186042543586	129.171754247578	10	4	180.452138229757	0.449817946706017	0	-27.1151856322046	-27.386097561243	-26.2704023590035	0.114952608063743	0.234081980563746	0.408434071155105	66.3938232743608	-15.0331973263069	-87.135228259692	2	3	262.810507888032	103.857558772113	27.2419030312982	50	0.2	0.003	2492	0.01643	0.214944303357074	0.738011305284787	182.214575124347
