# Species file for Castanea, generated on Rstudio with CMA-ES algorithm, on the 2023-10-26
MRN	=	0.0011
QDIX	=	2.1
tc	=	0.5
Tbase	=	15
Oi0	=	205
Ko0	=	248
Kc0	=	404
cVc	=	26.35
cVo	=	22.98
cKc	=	404.9
cKo	=	278.4
cgama	=	42.75
EaKc	=	79430
EaKo	=	36380
EaVc	=	65330
EaVo	=	60110
Eagama	=	37830
rdtq	=	0.24
coefbeta	=	2.2
KAR	=	0.4
Cd	=	0.2
Zosol	=	0.001
K1	=	3.9
K2	=	4.9
K3	=	7.3
K4	=	6
K5	=	14.8
K6	=	18.5
K7	=	0.2
K8	=	0.0045
Cph	=	1.01
R	=	8.3144621
IO	=	1370
gsolmax	=	0.003
gsolmin	=	7.75e-05
emsg	=	0.96
Alit	=	0.28
Asoil	=	0.39

# speciesCode	speciesName	CRF	CRRG	CRRF	CRBV	Crrepro	tronviv	branviv	rgviv	Lignroots	LIGNrl	LIGNll	LIGNfb	LIGNcb	LIGNcr	TGSS	Nitrogen	NRG	NRF	NBR	NTV	NSS	Nrepro	potToWood	GBVmin	TMRF	ratioBR	RS	coefrac	ratioG	TMBV	SF	LMA0	KLMA	alphal	alphab	CrownArea1	CrownArea2	CoefLAI1	CoefLAI2	CoefLAI3	aDBH	bDBH	aGF	bGF	Phi	ros	logaRDI	bRDI	clumping	RauwPIR	RauwPAR	RaufPIR	TaufPIR	RaufPAR	TaufPAR	emsf	Tleaf	Tbark	CIA	CIB	propec	g0	g1	RSoilleaf	CapSoilleaf	P50	P50Roots	pleafMin	Kplantini	EaVJ	ETT	JMT	NC	teta	TBASEA	TBASEB	TBASEC	NSTART	NSTART3	TSUMBB	HSUMFL	HSUMLMA	TSUMLFAL	SmatchDelay	SShape	Rec0	frec0	T1rec	T2rec	T3rec	T6rec	fa0	fd0	ffrost	woodStop	FHminfe	FHmax	decidue	cohorLeaves	reservesToReproduce	reservesToMortality	reserveToLeafFall	BSSminCrit	rateOfSeed	rateOfSeedJourne	seedMass_mg	seedMass_mu	auxiliaryReproStructure	seedMortality	seedsperFruit
12	Quercus petraea	3.84191298792761	3.69536834553393	0.532874694386976	2.9859716639643	2.26495591301097	0.024876943494521	0.354033302323691	0.0555289019355043	25	0.38	0.38	0.35	0.35	0.38	0.468244854611622	3.605717697303	1.23272606834877	2.10993928535221	3.19820562733727	0.91985095249911	0.04	7.42032662328466	-1.5	0.362927342670362	4.46124492321468	0.185554735875684	0.360631476135152	0.441835754462611	0.22	0.00690992105960429	1830.69305275443	195.920214027728	0.169199513461304	25.7971193072521	64.250373888185	0.22014909633437	0.887832148928061	1.80343078756321	0.942728475676032	0.3	-3.55476479056737	0.230032101695199	0.977184522328717	0.714682122113662	-0.000721133314547573	485.049216025439	17.6345435722423	-1.88668118180979	0.822114598520871	0.314	0.135	0.332	0.357	0.094	0.06	0.97	0.882057820685988	3.87988584888185	4.48296688670439	3.04914227261927	1	0.00358383589175721	7.55017059001631	22043.7955878593	0.04	-5.17434866313932	-6.3759912158966	-5.57268713682703	0.199689982047014	37000	710	220000	17.0824774874661	0.7	-0.0875491942851534	5.12442943341618	20	77.1193664781529	213	130.6005881031	56.4842183056611	1140.8709249238	236.65224820158	0	0	162.895497771139	0.359589027742684	0	-12.4942271394611	-18.1662988599928	-11.1743352815147	0.243411415326751	0.203203408934957	0.195947348083997	176.271494443611	-11.2583668792119	-70.0348143698493	1	1	223.257944846707	102.875710023075	33.9341604190436	50	0.2	0.003	1124	0.01643	0.470108414535061	0.395741680904635	205.352851913793
