# Species file for Castanea, generated on Rstudio with CMA-ES algorithm, on the 2023-09-13
MRN	=	0.0011
QDIX	=	2.1
tc	=	0.5
Tbase	=	15
Oi0	=	205
Ko0	=	248
Kc0	=	404
cVc	=	26.35
cVo	=	22.98
cKc	=	404.9
cKo	=	278.4
cgama	=	42.75
EaKc	=	79430
EaKo	=	36380
EaVc	=	65330
EaVo	=	60110
Eagama	=	37830
rdtq	=	0.24
coefbeta	=	2.2
KAR	=	0.4
Cd	=	0.2
Zosol	=	0.001
K1	=	3.9
K2	=	4.9
K3	=	7.3
K4	=	6
K5	=	14.8
K6	=	18.5
K7	=	0.2
K8	=	0.0045
Cph	=	1.01
R	=	8.3144621
IO	=	1370
gsolmax	=	0.003
gsolmin	=	7.75e-05
emsg	=	0.96
Alit	=	0.28
Asoil	=	0.39

# speciesCode	speciesName	CRF	CRRG	CRRF	CRBV	Crrepro	tronviv	branviv	rgviv	Lignroots	LIGNrl	LIGNll	LIGNfb	LIGNcb	LIGNcr	TGSS	Nitrogen	NRG	NRF	NBR	NTV	NSS	Nrepro	potToWood	GBVmin	TMRF	ratioBR	RS	coefrac	ratioG	TMBV	SF	LMA0	KLMA	alphal	alphab	CrownArea1	CrownArea2	CoefLAI1	CoefLAI2	CoefLAI3	aDBH	bDBH	aGF	bGF	Phi	ros	logaRDI	bRDI	clumping	RauwPIR	RauwPAR	RaufPIR	TaufPIR	RaufPAR	TaufPAR	emsf	Tleaf	Tbark	CIA	CIB	propec	g0	g1	RSoilleaf	CapSoilleaf	P50	P50Roots	pleafMin	Kplantini	EaVJ	ETT	JMT	NC	teta	TBASEA	TBASEB	TBASEC	NSTART	NSTART3	TSUMBB	HSUMFL	HSUMLMA	TSUMLFAL	SmatchDelay	SShape	Rec0	frec0	T1rec	T2rec	T3rec	T6rec	fa0	fd0	ffrost	woodStop	FHminfe	FHmax	decidue	cohorLeaves	reservesToReproduce	reservesToMortality	reserveToLeafFall	BSSminCrit	rateOfSeed	rateOfSeedJourne	seedMass_mg	seedMass_mu	auxiliaryReproStructure	seedMortality	seedsperFruit
14	Quercus robur	1.26825485554914	2.01620222215543	2.45725860972158	2.87956425602812	1.85179140196165	0.10239846659437	0.359965348605588	0.160072105971599	25	0.38	0.38	0.35	0.35	0.38	0.415687725929069	1.30316630537741	0.434819057518648	9.02996887953583	6.182407521997	0.642530658069589	0.04	7.12659086111721	-1.5	0.141427649790821	7.43491884790882	0.286235491211152	0.496326656655191	0.221073873634669	0.22	0.00272828224054097	3560.9802438856	77.4053572795772	0.320060811049894	64.6035341163081	76.7867102881128	0.282110033206647	1.29109848300027	2.31019642667296	0.870964231064243	0.3	-3.75493481132477	1.67400344729942	3.78199573725966	0.475036018535924	0.604929857406697	561.45342543049	13.1875826013697	-3.48330517818139	0.303453626894564	0.314	0.135	0.332	0.357	0.094	0.06	0.97	0.875348580393372	0.488700514615492	3.50748612844685	2.93020169434824	1	0.00231750740626724	14.4460761640301	43236.3427601324	0.04	-4.59296576430324	-3.37350846143479	-1.630716695422	0.279058965202744	37000	710	220000	8.12962838780146	0.7	1.06460941198172	7.29766723719004	20	89.4478246367005	213	304.62766570193	304.39213444105	442.125463987627	272.854009360566	0	0	103.772129944474	0.988851369025053	0	-15.3185508725461	-15.5260730380758	-15.7287343703247	0.153044959332302	0.451191311183627	0.00754799115782241	685.764777140343	-10.7443995226967	-77.2581371320298	1	1	117.432596241233	120.248407281699	10.4084320990656	50	0.2	0.003	3023	0.01643	0.212719830387246	0.635489972337865	249.377130640126
