migration/RangeShiftR/sessile_test/Inputs/hab_suit_raster_ds.asc
NCOLS 377 
NROWS 278 
XLLCORNER 3892807.12893799 
YLLCORNER 2194723.63474359 
CELLSIZE 1000 
NODATA_value -9999 
[rows 138 to 160 of 278, columns 260 to 311 of 377]
96.0696696599472 96.2409700637391 96.3652632927938 96.4895565218485 96.6138497509031 96.7381429799578 96.8624362090124 96.9867294380671 97.1110226671217 96.9688829553606 96.7721726412637 96.5754623271668 96.3787520130699 96.182041698973 95.9853313848761 95.7886210707791 95.5919107566822 94.5625376609875 93.3378486041772 92.1131595473669 90.8884704905566 89.6637814337464 88.4390923769361 87.2144033201258 85.9897142633155 86.7308596666132 87.9945686605724 89.2582776545317 90.521986648491 91.7856956424503 93.0494046364096 94.3131136303688 95.5768226243281 -9999 -9999 -9999 -9999 -9999 -9999 -9999 -9999 -9999 -9999 -9999 -9999 -9999 -9999 -9999 -9999 -9999 -9999 -9999
96.1978002367087 96.3376422240215 96.4322205706531 96.5267989172847 96.6213772639163 96.7159556105479 96.8105339571795 96.9051123038111 96.9996906504426 96.774053136707 96.4828292419322 96.1916053471574 95.9003814523826 95.6091575576078 95.317933662833 95.0267097680582 94.7354858732835 93.7513180036653 92.6046077201949 91.4578974367246 90.3111871532543 89.164476869784 88.0177665863136 86.8710563028433 85.724346019373 85.4835368598442 85.4835368598442 85.4835368598442 85.4835368598442 -9999 -9999 -9999 -9999 -9999 -9999 -9999 -9999 -9999 -9999 -9999 -9999 -9999 -9999 -9999 -9999 -9999 -9999 -9999 -9999 -9999 -9999 -9999
96.2859144377191 96.3866192976726 96.4424161937178 96.498213089763 96.5540099858082 96.6098068818534 96.6656037778986 96.7214006739438 96.777197569989 96.4495302616756 96.0433220922286 95.6371139227817 95.2309057533347 94.8246975838877 94.4184894144407 94.0122812449937 93.6060730755467 92.7163325635711 91.7131708848295 90.7100092060879 89.7068475273463 88.7036858486047 87.7005241698631 86.6973624911215 85.6942008123799 85.4835368598442 85.4835368598442 85.4835368598442 85.4835368598442 -9999 -9999 -9999 -9999 -9999 -9999 -9999 -9999 -9999 -9999 -9999 -9999 -9999 -9999 -9999 -9999 -9999 -9999 -9999 -9999 -9999 -9999 -9999
96.3740286387294 96.4355963713237 96.4526118167825 96.4696272622413 96.4866427077001 96.5036581531589 96.5206735986177 96.5376890440765 96.5547044895353 96.1250073866443 95.6038149425251 95.0826224984059 94.5614300542867 94.0402376101675 93.5190451660483 92.9978527219291 92.4766602778099 91.6813471234769 90.821734049464 89.9621209754512 89.1025079014383 88.2428948274255 87.3832817534126 86.5236686793998 85.6640556053869 85.4835368598442 85.4835368598442 85.4835368598442 85.4835368598442 -9999 -9999 -9999 -9999 -9999 -9999 -9999 -9999 -9999 -9999 -9999 -9999 -9999 -9999 -9999 -9999 -9999 -9999 -9999 -9999 -9999 -9999 -9999
96.4621428397397 96.4845734449748 96.4628074398472 96.4410414347196 96.4192754295919 96.3975094244644 96.3757434193368 96.3539774142092 96.3322114090816 95.800484511613 95.1643077928216 94.5281310740302 93.8919543552388 93.2557776364474 92.619600917656 91.9834241988646 91.3472474800732 90.6463616833827 89.9302972140986 89.2142327448144 88.4981682755303 87.7821038062462 87.0660393369621 86.349974867678 85.6339103983939 85.4835368598442 85.4835368598442 85.4835368598442 85.4835368598442 -9999 -9999 -9999 -9999 -9999 -9999 -9999 -9999 -9999 -9999 -9999 -9999 -9999 -9999 -9999 -9999 -9999 -9999 -9999 -9999 -9999 -9999 -9999
96.55025704075 96.5335505186258 96.4730030629118 96.4124556071978 96.3519081514838 96.2913606957699 96.2308132400559 96.1702657843419 96.1097183286279 95.4759616365817 94.7248006431181 93.9736396496545 93.2224786561909 92.4713176627272 91.7201566692636 90.9689956758 90.2178346823364 89.6113762432885 89.0388603787331 88.4663445141777 87.8938286496223 87.321312785067 86.7487969205116 86.1762810559562 85.6037651914008 85.4835368598442 85.4835368598442 85.4835368598442 85.4835368598442 -9999 -9999 -9999 -9999 -9999 -9999 -9999 -9999 -9999 -9999 -9999 -9999 -9999 -9999 -9999 -9999 -9999 -9999 -9999 -9999 -9999 -9999 -9999
96.6383712417603 96.5825275922769 96.4831986859765 96.3838697796761 96.2845408733757 96.1852119670754 96.085883060775 95.9865541544746 95.8872252481742 95.1514387615504 94.2852934934146 93.4191482252787 92.5530029571429 91.6868576890071 90.8207124208713 89.9545671527355 89.0884218845997 88.5763908031943 88.1474235433676 87.718456283541 87.2894890237144 86.8605217638877 86.4315545040611 86.0025872442344 85.5736199844078 -9999 -9999 -9999 -9999 -9999 -9999 -9999 -9999 -9999 -9999 -9999 -9999 -9999 -9999 -9999 -9999 -9999 -9999 -9999 -9999 -9999 -9999 -9999 -9999 -9999 -9999 -9999
96.7264854427706 96.631504665928 96.4933943090412 96.3552839521544 96.2171735952676 96.0790632383809 95.9409528814941 95.8028425246073 95.6647321677205 94.8269158865191 93.845786343711 92.864656800903 91.883527258095 90.902397715287 89.9212681724789 88.9401386296709 87.9590090868629 87.5414053631001 87.2559867080022 86.9705680529043 86.6851493978064 86.3997307427085 86.1143120876106 85.8288934325127 85.5434747774148 -9999 -9999 -9999 -9999 -9999 -9999 -9999 -9999 -9999 -9999 -9999 -9999 -9999 -9999 -9999 -9999 -9999 -9999 -9999 -9999 -9999 -9999 -9999 -9999 -9999 -9999 -9999
96.8145996437809 96.6804817395791 96.5035899321059 96.3266981246327 96.1498063171595 95.9729145096863 95.7960227022132 95.61913089474 95.4422390872668 94.5023930114878 93.4062791940075 92.3101653765273 91.2140515590471 90.1179377415668 89.0218239240866 87.9257101066064 86.8295962891261 86.5064199230059 86.3645498726367 86.2226798222676 86.0808097718984 85.9389397215292 85.7970696711601 85.6551996207909 85.5133295704217 -9999 -9999 -9999 -9999 -9999 -9999 -9999 -9999 -9999 -9999 -9999 -9999 -9999 -9999 -9999 -9999 -9999 -9999 -9999 -9999 -9999 -9999 -9999 -9999 -9999 -9999 -9999
96.9027138447912 96.7294588132302 96.5137855551706 96.298112297111 96.0824390390514 95.8667657809918 95.6510925229323 95.4354192648727 95.2197460068131 94.1778701364564 92.966772044304 91.7556739521516 90.5445758599991 89.3334777678467 88.1223796756943 86.9112815835418 85.7001834913894 85.4714344829117 85.4731130372712 85.4747915916308 85.4764701459904 85.47814870035 85.4798272547095 85.4815058090691 85.4831843634287 -9999 -9999 -9999 -9999 -9999 -9999 -9999 -9999 -9999 -9999 -9999 -9999 -9999 -9999 -9999 -9999 -9999 -9999 -9999 -9999 -9999 -9999 -9999 -9999 -9999 -9999 -9999
96.9908280458015 96.7784358868812 96.5239811782353 96.2695264695893 96.0150717609433 95.7606170522973 95.5061623436514 95.2517076350054 94.9972529263594 93.8533472614251 92.5272648946005 91.2011825277758 89.8751001609512 88.5490177941266 87.2229354273019 85.8968530604773 84.5707706936526 84.4364490428175 84.5816762019058 84.7269033609941 84.8721305200824 85.0173576791707 85.162584838259 85.3078119973473 85.4530391564356 -9999 -9999 -9999 -9999 -9999 -9999 -9999 -9999 -9999 -9999 -9999 -9999 -9999 -9999 -9999 -9999 -9999 -9999 -9999 -9999 -9999 -9999 -9999 -9999 -9999 -9999 -9999
97.0789422468118 96.8274129605323 96.5341768012999 96.2409406420676 95.9477044828352 95.6544683236028 95.3612321643705 95.0679960051381 94.7747598459057 93.5288243863938 92.087757744897 90.6466911034001 89.2056244619033 87.7645578204064 86.3234911789096 84.8824245374127 83.4413578959159 83.4014636027233 83.6902393665403 83.9790151303574 84.2677908941744 84.5565666579915 84.8453424218085 85.1341181856256 85.4228939494426 -9999 -9999 -9999 -9999 -9999 -9999 -9999 -9999 -9999 -9999 -9999 -9999 -9999 -9999 -9999 -9999 -9999 -9999 -9999 -9999 -9999 -9999 -9999 -9999 -9999 -9999 -9999
96.7476472557803 96.3845826646865 95.9690067668263 95.5534308689661 95.137854971106 94.7222790732458 94.3067031753856 93.8911272775254 93.4755513796652 92.1798024684573 90.703777156925 89.2277518453927 87.7517265338605 86.2757012223282 84.799675910796 83.3236505992637 81.8476252877315 80.6554952992602 79.5299580408895 78.4044207825189 77.2788835241483 76.1533462657777 75.0278090074071 73.9022717490364 72.7767344906658 -9999 -9999 -9999 -9999 -9999 -9999 -9999 -9999 -9999 -9999 -9999 -9999 -9999 -9999 -9999 -9999 -9999 -9999 -9999 -9999 -9999 -9999 -9999 -9999 -9999 -9999 -9999
96.1905165459569 95.6769330160346 95.0940244552167 94.5111158943987 93.9282073335807 93.3452987727627 92.7623902119448 92.1794816511268 91.5965730903088 90.2791272197255 88.8112339483469 87.3433406769683 85.8754474055897 84.4075541342111 82.9396608628325 81.4717675914539 80.0038743200753 78.9993476190863 78.1035118420158 77.2076760649452 76.3118402878748 75.4160045108043 74.5201687337338 73.6243329566633 72.7284971795928 -9999 -9999 -9999 -9999 -9999 -9999 -9999 -9999 -9999 -9999 -9999 -9999 -9999 -9999 -9999 -9999 -9999 -9999 -9999 -9999 -9999 -9999 -9999 -9999 -9999 -9999 -9999
95.6333858361336 94.9692833673828 94.219042143607 93.4688009198312 92.7185596960555 91.9683184722797 91.2180772485039 90.4678360247282 89.7175948009524 88.3784519709938 86.9186907397688 85.4589295085439 83.9991682773189 82.5394070460939 81.079645814869 79.619884583644 78.1601233524191 77.3431999389123 76.677065643142 76.0109313473716 75.3447970516012 74.6786627558309 74.0125284600605 73.3463941642901 72.6802598685198 -9999 -9999 -9999 -9999 -9999 -9999 -9999 -9999 -9999 -9999 -9999 -9999 -9999 -9999 -9999 -9999 -9999 -9999 -9999 -9999 -9999 -9999 -9999 -9999 -9999 -9999 -9999
95.0762551263102 94.2616337187309 93.3440598319973 92.4264859452638 91.5089120585302 90.5913381717966 89.6737642850631 88.7561903983295 87.838616511596 86.477776722262 85.0261475311907 83.5745183401194 82.1228891490481 80.6712599579768 79.2196307669055 77.7680015758342 76.3163723847629 75.6870522587384 75.2506194442682 74.8141866297979 74.3777538153277 73.9413210008575 73.5048881863872 73.068455371917 72.6320225574467 -9999 -9999 -9999 -9999 -9999 -9999 -9999 -9999 -9999 -9999 -9999 -9999 -9999 -9999 -9999 -9999 -9999 -9999 -9999 -9999 -9999 -9999 -9999 -9999 -9999 -9999 -9999
94.5191244164869 93.553984070079 92.4690775203877 91.3841709706963 90.299264421005 89.2143578713136 88.1294513216222 87.0445447719309 85.9596382222395 84.5771014735303 83.1336043226127 81.690107171695 80.2466100207773 78.8031128698597 77.359615718942 75.9161185680243 74.4726214171066 74.0309045785645 73.8241732453944 73.6174419122243 73.4107105790542 73.2039792458841 72.9972479127139 72.7905165795438 72.5837852463737 -9999 -9999 -9999 -9999 -9999 -9999 -9999 -9999 -9999 -9999 -9999 -9999 -9999 -9999 -9999 -9999 -9999 -9999 -9999 -9999 -9999 -9999 -9999 -9999 -9999 -9999 -9999
93.9619937066636 92.8463344214272 91.594095208778 90.3418559961289 89.0896167834797 87.8373775708306 86.5851383581814 85.3328991455323 84.0806599328831 82.6764262247986 81.2410611140346 79.8056960032706 78.3703308925065 76.9349657817425 75.4996006709785 74.0642355602145 72.6288704494504 72.3747568983906 72.3977270465206 72.4206971946506 72.4436673427806 72.4666374909106 72.4896076390407 72.5125777871707 72.5355479353007 -9999 -9999 -9999 -9999 -9999 -9999 -9999 -9999 -9999 -9999 -9999 -9999 -9999 -9999 -9999 -9999 -9999 -9999 -9999 -9999 -9999 -9999 -9999 -9999 -9999 -9999 -9999
93.4048629968402 92.1386847727753 90.7191128971684 89.2995410215614 87.8799691459545 86.4603972703475 85.0408253947406 83.6212535191336 82.2016816435267 80.7757509760669 79.3485179054565 77.9212848348461 76.4940517642357 75.0668186936254 73.639585623015 72.2123525524046 70.7851194817942 70.7186092182167 70.9712808476468 71.223952477077 71.4766241065071 71.7292957359372 71.9819673653674 72.2346389947975 72.4873106242276 -9999 -9999 -9999 -9999 -9999 -9999 -9999 -9999 -9999 -9999 -9999 -9999 -9999 -9999 -9999 -9999 -9999 -9999 -9999 -9999 -9999 -9999 -9999 -9999 -9999 -9999 -9999
92.8477322870169 91.4310351241235 89.8441305855587 88.2572260469939 86.6703215084292 85.0834169698645 83.4965124312997 81.909607892735 80.3227033541702 78.8750757273351 77.4559746968784 76.0368736664217 74.617772635965 73.1986716055082 71.7795705750515 70.3604695445948 68.941368514138 69.0624615380428 69.544834648773 70.0272077595033 70.5095808702336 70.9919539809638 71.4743270916941 71.9567002024243 72.4390733131546 -9999 -9999 -9999 -9999 -9999 -9999 -9999 -9999 -9999 -9999 -9999 -9999 -9999 -9999 -9999 -9999 -9999 -9999 -9999 -9999 -9999 -9999 -9999 -9999 -9999 -9999 -9999
92.2906015771935 90.7233854754716 88.9691482739491 87.2149110724265 85.460673870904 83.7064366693814 81.9521994678589 80.1979622663363 78.4437250648138 76.9744004786034 75.5634314883003 74.1524624979972 72.7414935076942 71.3305245173911 69.919555527088 68.5085865367849 67.0976175464818 67.4063138578689 68.1183884498993 68.8304630419296 69.54253763396 70.2546122259904 70.9666868180208 71.6787614100512 72.3908360020816 -9999 -9999 -9999 -9999 -9999 -9999 -9999 -9999 -9999 -9999 -9999 -9999 -9999 -9999 -9999 -9999 -9999 -9999 -9999 -9999 -9999 -9999 -9999 -9999 -9999 -9999 -9999
91.7334708673702 90.0157358268197 88.0941659623394 86.172596097859 84.2510262333787 82.3294563688984 80.4078865044181 78.4863166399377 76.5647467754574 75.0737252298717 73.6708882797222 72.2680513295728 70.8652143794234 69.4623774292739 68.0595404791245 66.656703528975 65.2538665788256 65.750166177695 66.6919422510255 67.633718324356 68.5754943976865 69.517270471017 70.4590465443475 71.4008226176781 72.3425986910086 -9999 -9999 -9999 -9999 -9999 -9999 -9999 -9999 -9999 -9999 -9999 -9999 -9999 -9999 -9999 -9999 -9999 -9999 -9999 -9999 -9999 -9999 -9999 -9999 -9999 -9999 -9999
91.1763401575469 89.3080861781679 87.2191836507297 85.1302811232916 83.0413785958535 80.9524760684153 78.8635735409772 76.7746710135391 74.6857684861009 73.17304998114 71.7783450711442 70.3836401611484 68.9889352511526 67.5942303411568 66.199525431161 64.8048205211652 63.4101156111694 64.094018497521 65.2654960521517 66.4369736067823 67.608451161413 68.7799287160436 69.9514062706743 71.1228838253049 72.2943613799356 -9999 -9999 -9999 -9999 -9999 -9999 -9999 -9999 -9999 -9999 -9999 -9999 -9999 -9999 -9999 -9999 -9999 -9999 -9999 -9999 -9999 -9999 -9999 -9999 -9999 -9999 -9999
