migration/RangeShiftR/sessile_test/Inputs/hab_suit_raster_ds.asc
NCOLS 377 
NROWS 278 
XLLCORNER 3892807.12893799 
YLLCORNER 2194723.63474359 
CELLSIZE 1000 
NODATA_value -9999 
[rows 161 to 183 of 278, columns 208 to 259 of 377]
97.0991514612435 97.1048650285953 97.1105785959471 97.1162921632989 97.1220057306507 96.9518109734943 96.7761757526934 96.6005405318924 96.4249053110915 96.2492700902906 96.0736348694896 95.8979996486887 95.7223644278877 95.6219438463168 95.5254819299685 95.4290200136203 95.332558097272 95.2360961809237 95.1396342645754 95.0431723482271 94.9467104318789 95.3492791846397 95.7894093856131 96.2295395865865 96.6696697875599 97.1097999885333 97.5499301895066 97.99006039048 98.4301905914534 98.4162430495367 98.3573867198617 98.2985303901867 98.2396740605117 98.1808177308367 98.1219614011617 98.0631050714866 98.0042487418116 97.6437412503407 97.2459510310073 96.8481608116739 96.4503705923405 96.0525803730072 95.6547901536738 95.2569999343404 94.859209715007 94.3759377976241 93.8798927529463 93.3838477082686 92.8878026635909 92.3917576189131 91.8957125742354 91.3996675295577
96.5318922069432 96.594146633903 96.6564010608627 96.7186554878224 96.7809099147821 96.5715308306231 96.3537507100377 96.1359705894523 95.918190468867 95.7004103482816 95.4826302276962 95.2648501071108 95.0470699865255 94.9526934086846 94.864811754146 94.7769300996075 94.6890484450689 94.6011667905304 94.5132851359918 94.4254034814533 94.3375218269148 94.8112631216398 95.3272771114707 95.8432911013017 96.3593050911326 96.8753190809635 97.3913330707944 97.9073470606253 98.4233610504562 98.4162430495367 98.3573867198617 98.2985303901867 98.2396740605117 98.1808177308367 98.1219614011617 98.0631050714866 98.0042487418116 97.4063124092583 96.7417482111807 96.0771840131032 95.4126198150256 94.748055616948 94.0834914188704 93.4189272207928 92.7543630227153 92.468503849603 92.2392327836695 92.0099617177359 91.7806906518024 91.5514195858689 91.3221485199354 91.0928774540018
95.9646329526429 96.0834282392106 96.2022235257783 96.3210188123459 96.4398140989136 96.1912506877519 95.9313256673821 95.6714006470122 95.4114756266424 95.1515506062726 94.8916255859028 94.631700565533 94.3717755451632 94.2834429710523 94.2041415783235 94.1248401855947 94.0455387928659 93.9662374001371 93.8869360074083 93.8076346146795 93.7283332219506 94.2732470586399 94.8651448373284 95.4570426160168 96.0489403947053 96.6408381733937 97.2327359520822 97.8246337307706 98.4165315094591 98.4162430495367 98.3573867198617 98.2985303901867 98.2396740605117 98.1808177308367 98.1219614011617 98.0631050714866 98.0042487418116 97.168883568176 96.2375453913542 95.3062072145324 94.3748690377106 93.4435308608888 92.512192684067 91.5808545072453 90.6495163304235 90.5610699015819 90.5985728143926 90.6360757272033 90.673578640014 90.7110815528247 90.7485844656353 90.786087378446
95.3973736983427 95.5727098445182 95.7480459906938 95.9233821368694 96.098718283045 95.8109705448807 95.5089006247264 95.2068307045722 94.9047607844179 94.6026908642636 94.3006209441094 93.9985510239551 93.6964811038009 93.6141925334201 93.543471402501 93.4727502715819 93.4020291406628 93.3313080097438 93.2605868788247 93.1898657479056 93.1191446169866 93.73523099564 94.403012563186 95.070794130732 95.7385756982779 96.4063572658239 97.0741388333699 97.7419204009159 98.4097019684619 98.4162430495367 98.3573867198617 98.2985303901867 98.2396740605117 98.1808177308367 98.1219614011617 98.0631050714866 98.0042487418116 96.9314547270937 95.7333425715276 94.5352304159617 93.3371182603957 92.1390061048297 90.9408939492637 89.7427817936977 88.5446696381317 88.6536359535609 88.9579128451157 89.2621897366706 89.5664666282255 89.8707435197804 90.1750204113353 90.4792973028902
94.8301144440424 95.0619914498259 95.2938684556094 95.5257454613929 95.7576224671764 95.4306904020094 95.0864755820707 94.742260762132 94.3980459421933 94.0538311222547 93.709616302316 93.3654014823773 93.0211866624386 92.9449420957878 92.8828012266785 92.8206603575691 92.7585194884598 92.6963786193505 92.6342377502411 92.5720968811318 92.5099560120225 93.1972149326401 93.9408802890436 94.6845456454471 95.4282110018506 96.1718763582541 96.9155417146576 97.6592070710612 98.4028724274647 98.4162430495367 98.3573867198617 98.2985303901867 98.2396740605117 98.1808177308367 98.1219614011617 98.0631050714866 98.0042487418116 96.6940258860113 95.2291397517011 93.7642536173909 92.2993674830807 90.8344813487705 89.3695952144603 87.9047090801501 86.4398229458399 86.7462020055398 87.3172528758389 87.888303746138 88.4593546164371 89.0304054867362 89.6014563570352 90.1725072273343
94.2628551897421 94.5512730551335 94.839690920525 95.1281087859164 95.4165266513079 95.0504102591382 94.6640505394151 94.277690819692 93.8913310999688 93.5049713802457 93.1186116605226 92.7322519407995 92.3458922210763 92.2756916581556 92.2221310508559 92.1685704435563 92.1150098362567 92.0614492289571 92.0078886216575 91.9543280143579 91.9007674070584 92.6591988696402 93.4787480149012 94.2982971601622 95.1178463054233 95.9373954506844 96.7569445959454 97.5764937412064 98.3960428864675 98.4162430495367 98.3573867198617 98.2985303901867 98.2396740605117 98.1808177308367 98.1219614011617 98.0631050714866 98.0042487418116 96.456597044929 94.7249369318745 92.9932768188201 91.2616167057657 89.5299565927113 87.7982964796569 86.0666363666026 84.3349762535481 84.8387680575187 85.676592906562 86.5144177556053 87.3522426046486 88.1900674536919 89.0278923027352 89.8657171517785
93.6955959354418 94.0405546604412 94.3855133854406 94.7304721104399 95.0754308354393 94.670130116267 94.2416254967594 93.8131208772518 93.3846162577443 92.9561116382367 92.5276070187292 92.0991023992216 91.670597779714 91.6064412205233 91.5614608750334 91.5164805295436 91.4715001840537 91.4265198385638 91.381539493074 91.3365591475841 91.2915788020942 92.1211828066402 93.0166157407588 93.9120486748774 94.807481608996 95.7029145431146 96.5983474772331 97.4937804113518 98.3892133454703 98.4162430495367 98.3573867198617 98.2985303901867 98.2396740605117 98.1808177308367 98.1219614011617 98.0631050714866 98.0042487418116 96.2191682038466 94.220734112048 92.2223000202494 90.2238659284508 88.2254318366522 86.2269977448536 84.2285636530549 82.2301295612564 82.9313341094977 84.0359329372852 85.1405317650727 86.2451305928601 87.3497294206476 88.4543282484352 89.5589270762227
93.1283366811415 93.5298362657488 93.9313358503561 94.3328354349635 94.7343350195708 94.2898499733957 93.8192004541038 93.3485509348117 92.8779014155198 92.4072518962278 91.9366023769358 91.4659528576438 90.9953033383518 90.937190782891 90.9007906992109 90.8643906155308 90.8279905318506 90.7915904481705 90.7551903644904 90.7187902808103 90.6823901971301 91.5831667436403 92.5544834666164 93.5258001895926 94.4971169125687 95.4684336355448 96.4397503585209 97.4110670814971 98.3823838044732 98.4162430495367 98.3573867198617 98.2985303901867 98.2396740605117 98.1808177308367 98.1219614011617 98.0631050714866 98.0042487418116 95.9817393627643 93.7165312922214 91.4513232216786 89.1861151511358 86.920907080593 84.6556990100502 82.3904909395074 80.1252828689646 81.0239001614766 82.3952729680083 83.76664577454 85.1380185810717 86.5093913876034 87.8807641941351 89.2521370006668
92.5610774268412 93.0191178710565 93.4771583152717 93.935198759487 94.3932392037022 93.9095698305245 93.3967754114481 92.8839809923716 92.3711865732952 91.8583921542188 91.3455977351424 90.8328033160659 90.3200088969895 90.2679403452588 90.2401205233884 90.212300701518 90.1844808796476 90.1566610577772 90.1288412359068 90.1010214140364 90.073201592166 91.0451506806404 92.0923511924741 93.1395517043077 94.1867522161414 95.233952727975 96.2811532398087 97.3283537516423 98.375554263476 98.4162430495368 98.3573867198617 98.2985303901867 98.2396740605117 98.1808177308367 98.1219614011617 98.0631050714866 98.0042487418116 95.7443105216819 93.2123284723949 90.6803464231079 88.1483643738209 85.6163823245338 83.0844002752468 80.5524182259598 78.0204361766728 79.1164662134555 80.7546129987314 82.3927597840074 84.0309065692832 85.6690533545592 87.3072001398351 88.945346925111
91.993818172541 92.5083994763641 93.0229807801873 93.5375620840105 94.0521433878337 93.5292896876533 92.9743503687924 92.4194110499316 91.8644717310707 91.3095324122098 90.754593093349 90.1996537744881 89.6447144556272 89.5986899076265 89.5794503475659 89.5602107875052 89.5409712274446 89.5217316673839 89.5024921073232 89.4832525472626 89.4640129872019 90.5071346176405 91.6302189183317 92.7533032190228 93.876387519714 94.9994718204052 96.1225561210964 97.2456404217876 98.3687247224788 98.4162430495367 98.3573867198617 98.2985303901867 98.2396740605117 98.1808177308367 98.1219614011617 98.0631050714867 98.0042487418116 95.5068816805996 92.7081256525684 89.9093696245371 87.1106135965059 84.3118575684747 81.5131015404435 78.7143455124122 75.915589484381 77.2090322654345 79.1139530294546 81.0188737934747 82.9237945574948 84.8287153215149 86.733636085535 88.6385568495551
91.4265589182407 91.9976810816718 92.5688032451029 93.139925408534 93.7110475719651 93.1490095447821 92.5519253261368 91.9548411074915 91.3577568888462 90.7606726702008 90.1635884515555 89.5665042329102 88.9694200142649 88.9294394699943 88.9187801717434 88.9081208734924 88.8974615752415 88.8868022769906 88.8761429787397 88.8654836804888 88.8548243822378 89.9691185546406 91.1680866441893 92.367054733738 93.5660228232867 94.7649909128355 95.9639590023842 97.1629270919329 98.3618951814816 98.4162430495367 98.3573867198617 98.2985303901867 98.2396740605117 98.1808177308367 98.1219614011617 98.0631050714866 98.0042487418116 95.2694528395172 92.2039228327418 89.1383928259664 86.072862819191 83.0073328124155 79.9418028056401 76.8762727988647 73.8107427920892 75.3015983174134 77.4732930601777 79.644987802942 81.8166825457064 83.9883772884707 86.160072031235 88.3317667739993
90.3580899961374 91.1480208810472 91.937951765957 92.7278826508668 93.5178135357765 92.9398554662029 92.3195915526761 91.6993276391494 91.0790637256227 90.4587998120959 89.8385358985692 89.2182719850424 88.5980080715157 88.5613517292965 88.555411575041 88.5494714207854 88.5435312665298 88.5375911122743 88.5316509580187 88.5257108037631 88.5197706495076 88.5193548387097 88.5193548387097 88.5193548387097 88.5193548387097 -9999 -9999 -9999 -9999 -9999 -9999 -9999 -9999 -9999 -9999 -9999 -9999 -9999 -9999 -9999 -9999 72.2354838709677 72.2354838709677 72.2354838709677 72.2354838709677 72.2354838709677 72.2354838709677 72.2354838709677 72.2354838709677 -9999 -9999 -9999
88.6770314800526 89.884098473172 91.0911654662914 92.2982324594108 93.5052994525303 92.9398554662029 92.3195915526761 91.6993276391494 91.0790637256226 90.4587998120959 89.8385358985692 89.2182719850424 88.5980080715157 88.5613517292965 88.555411575041 88.5494714207854 88.5435312665298 88.5375911122743 88.5316509580187 88.5257108037631 88.5197706495076 88.5193548387097 88.5193548387097 88.5193548387097 88.5193548387097 -9999 -9999 -9999 -9999 -9999 -9999 -9999 -9999 -9999 -9999 -9999 -9999 -9999 -9999 -9999 -9999 72.2354838709677 72.2354838709677 72.2354838709677 72.2354838709677 72.2354838709677 72.2354838709677 72.2354838709677 72.2354838709677 -9999 -9999 -9999
86.9959729639678 88.6201760652968 90.2443791666259 91.8685822679549 93.492785369284 92.9398554662029 92.3195915526761 91.6993276391494 91.0790637256227 90.4587998120959 89.8385358985692 89.2182719850424 88.5980080715157 88.5613517292965 88.555411575041 88.5494714207854 88.5435312665298 88.5375911122743 88.5316509580187 88.5257108037631 88.5197706495076 88.5193548387097 88.5193548387097 88.5193548387097 88.5193548387097 -9999 -9999 -9999 -9999 -9999 -9999 -9999 -9999 -9999 -9999 -9999 -9999 -9999 -9999 -9999 -9999 72.2354838709677 72.2354838709677 72.2354838709677 72.2354838709677 72.2354838709677 72.2354838709677 72.2354838709677 72.2354838709677 -9999 -9999 -9999
85.314914447883 87.3562536574217 89.3975928669604 91.438932076499 93.4802712860377 92.9398554662029 92.3195915526761 91.6993276391494 91.0790637256227 90.4587998120959 89.8385358985692 89.2182719850424 88.5980080715157 88.5613517292965 88.555411575041 88.5494714207854 88.5435312665298 88.5375911122743 88.5316509580187 88.5257108037631 88.5197706495076 88.5193548387097 88.5193548387097 88.5193548387097 88.5193548387097 -9999 -9999 -9999 -9999 -9999 -9999 -9999 -9999 -9999 -9999 -9999 -9999 -9999 -9999 -9999 -9999 72.2354838709677 72.2354838709677 72.2354838709677 72.2354838709677 72.2354838709677 72.2354838709677 72.2354838709677 72.2354838709677 -9999 -9999 -9999
83.6338559317982 86.0923312495465 88.5508065672948 91.0092818850431 93.4677572027914 92.9398554662029 92.3195915526761 91.6993276391494 91.0790637256227 90.4587998120959 89.8385358985692 89.2182719850424 88.5980080715157 88.5613517292965 88.555411575041 88.5494714207854 88.5435312665298 88.5375911122743 88.5316509580187 88.5257108037631 88.5197706495076 88.5193548387097 88.5193548387097 88.5193548387097 88.5193548387097 -9999 -9999 -9999 -9999 -9999 -9999 -9999 -9999 -9999 -9999 -9999 -9999 -9999 -9999 -9999 -9999 72.2354838709677 72.2354838709677 72.2354838709677 72.2354838709677 72.2354838709677 72.2354838709677 72.2354838709677 72.2354838709677 -9999 -9999 -9999
81.9527974157134 84.8284088416713 87.7040202676293 90.5796316935872 93.4552431195451 92.9398554662029 92.3195915526761 91.6993276391494 91.0790637256227 90.4587998120959 89.8385358985692 89.2182719850424 88.5980080715157 88.5613517292965 88.555411575041 88.5494714207854 88.5435312665298 88.5375911122743 88.5316509580187 88.5257108037631 88.5197706495076 88.5193548387097 88.5193548387097 88.5193548387097 88.5193548387097 -9999 -9999 -9999 -9999 -9999 -9999 -9999 -9999 -9999 -9999 -9999 -9999 -9999 -9999 -9999 -9999 72.2354838709677 72.2354838709677 72.2354838709677 72.2354838709677 72.2354838709677 72.2354838709677 72.2354838709677 72.2354838709677 -9999 -9999 -9999
80.2717388996287 83.5644864337962 86.8572339679637 90.1499815021313 93.4427290362988 92.9398554662029 92.3195915526761 91.6993276391494 91.0790637256226 90.4587998120959 89.8385358985692 89.2182719850424 88.5980080715157 88.5613517292965 88.555411575041 88.5494714207854 88.5435312665298 88.5375911122743 88.5316509580187 88.5257108037631 88.5197706495076 -9999 -9999 -9999 -9999 -9999 -9999 -9999 -9999 -9999 -9999 -9999 -9999 -9999 -9999 -9999 -9999 -9999 -9999 -9999 -9999 -9999 -9999 -9999 -9999 -9999 -9999 -9999 -9999 -9999 -9999 -9999
78.5906803835439 82.300564025921 86.0104476682982 89.7203313106754 93.4302149530525 92.9398554662029 92.3195915526761 91.6993276391494 91.0790637256226 90.4587998120959 89.8385358985692 89.2182719850424 88.5980080715157 88.5613517292965 88.555411575041 88.5494714207854 88.5435312665298 88.5375911122743 88.5316509580187 88.5257108037631 88.5197706495076 -9999 -9999 -9999 -9999 -9999 -9999 -9999 -9999 -9999 -9999 -9999 -9999 -9999 -9999 -9999 -9999 -9999 -9999 -9999 -9999 -9999 -9999 -9999 -9999 -9999 -9999 -9999 -9999 -9999 -9999 -9999
76.9096218674591 81.0366416180459 85.1636613686327 89.2906811192194 93.4177008698062 92.9398554662029 92.3195915526761 91.6993276391494 91.0790637256226 90.4587998120959 89.8385358985692 89.2182719850424 88.5980080715157 88.5613517292965 88.555411575041 88.5494714207854 88.5435312665298 88.5375911122743 88.5316509580187 88.5257108037631 88.5197706495076 -9999 -9999 -9999 -9999 -9999 -9999 -9999 -9999 -9999 -9999 -9999 -9999 -9999 -9999 -9999 -9999 -9999 -9999 -9999 -9999 -9999 -9999 -9999 -9999 -9999 -9999 -9999 -9999 -9999 -9999 -9999
75.2285633513743 79.7727192101707 84.3168750689671 88.8610309277636 93.40518678656 92.9398554662029 92.3195915526761 91.6993276391494 91.0790637256227 90.4587998120959 89.8385358985692 89.2182719850424 88.5980080715157 88.5613517292965 88.555411575041 88.5494714207854 88.5435312665298 88.5375911122743 88.5316509580187 88.5257108037631 88.5197706495076 -9999 -9999 -9999 -9999 -9999 -9999 -9999 -9999 -9999 -9999 -9999 -9999 -9999 -9999 -9999 -9999 -9999 -9999 -9999 -9999 -9999 -9999 -9999 -9999 -9999 -9999 -9999 -9999 -9999 -9999 -9999
73.5475048352895 78.5087968022956 83.4700887693016 88.4313807363076 93.3926727033137 92.9398554662029 92.3195915526761 91.6993276391494 91.0790637256227 90.4587998120959 89.8385358985692 89.2182719850424 88.5980080715157 88.5613517292965 88.555411575041 88.5494714207854 88.5435312665298 88.5375911122743 88.5316509580187 88.5257108037631 88.5197706495076 -9999 -9999 -9999 -9999 -9999 -9999 -9999 -9999 -9999 -9999 -9999 -9999 -9999 -9999 -9999 -9999 -9999 -9999 -9999 -9999 -9999 -9999 -9999 -9999 -9999 -9999 -9999 -9999 -9999 -9999 -9999
0 -9999 -9999 -9999 -9999 -9999 -9999 -9999 -9999 -9999 -9999 -9999 -9999 -9999 -9999 -9999 -9999 -9999 -9999 -9999 -9999 -9999 -9999 -9999 -9999 -9999 -9999 -9999 -9999 -9999 -9999 -9999 -9999 -9999 -9999 -9999 -9999 -9999 -9999 -9999 -9999 -9999 -9999 -9999 -9999 -9999 -9999 -9999 -9999 -9999 -9999 -9999
