migration/RangeShiftR/sessile_test/Inputs/hab_suit_raster_ds.asc
NCOLS 377 
NROWS 278 
XLLCORNER 3892807.12893799 
YLLCORNER 2194723.63474359 
CELLSIZE 1000 
NODATA_value -9999 
[rows 92 to 114 of 278, columns 208 to 259 of 377]
70.5347378449152 74.0419587705096 77.5491796961041 81.0564006216985 84.5636215472929 84.9353813025262 85.210168031872 85.4849547612179 85.7597414905638 86.0345282199096 86.3093149492555 86.5841016786014 86.8588884079472 86.8094616783511 86.7429710824948 86.6764804866386 86.6099898907824 86.5434992949262 86.47700869907 86.4105181032137 86.3440275073575 86.6514572433544 86.9870315204585 87.3226057975627 87.6581800746668 87.9937543517709 88.3293286288751 88.6649029059792 89.0004771830833 89.4471594627192 89.9048304459021 90.3625014290851 90.820172412268 91.277843395451 91.7355143786339 92.1931853618168 92.6508563449998 93.027760976969 93.3946832509231 93.7616055248772 94.1285277988313 94.4954500727853 94.8623723467394 95.2292946206935 95.5962168946476 95.5603388115115 95.46427216927 95.3682055270285 95.272138884787 95.1760722425454 95.0800056003039 94.9839389580624
71.7435365575118 75.0951070220415 78.4466774865712 81.7982479511009 85.1498184156306 85.4569157298014 85.6698540805591 85.8827924313169 86.0957307820746 86.3086691328323 86.52160748359 86.7345458343477 86.9474841851055 86.8865630472999 86.8112282522016 86.7358934571033 86.660558662005 86.5852238669067 86.5098890718084 86.4345542767101 86.3592194816118 86.65498635157 86.9786856049197 87.3023848582693 87.626084111619 87.9497833649686 88.2734826183183 88.5971818716679 88.9208811250175 89.3599026015858 89.810329572758 90.2607565439302 90.7111835151025 91.1616104862747 91.612037457447 92.0624644286192 92.5128913997914 92.8931697140321 93.2647779695508 93.6363862250696 94.0079944805883 94.3796027361071 94.7512109916258 95.1228192471445 95.4944275026633 95.5390406076649 95.5347923683363 95.5305441290078 95.5262958896792 95.5220476503506 95.517799411022 95.5135511716935
72.7549200647421 75.9741933151842 79.1934665656263 82.4127398160684 85.6320130665104 85.891930245065 86.0603209471693 86.2287116492737 86.3971023513781 86.5654930534825 86.7338837555869 86.9022744576913 87.0706651597957 87.0019644621068 86.9207852696918 86.8396060772769 86.758426884862 86.6772476924471 86.5960685000322 86.5148893076173 86.4337101152024 86.7171559601353 87.0280467003525 87.3389374405697 87.6498281807868 87.960718921004 88.2716096612212 88.5825004014383 88.8933911416555 89.3220406385332 89.7623366058498 90.2026325731665 90.6429285404832 91.0832245077998 91.5235204751165 91.9638164424331 92.4041124097498 92.7845093319784 93.1575030014433 93.5304966709082 93.9034903403731 94.276484009838 94.6494776793029 95.0224713487678 95.3954650182327 95.5089349169058 95.5836254015524 95.6583158861991 95.7330063708458 95.8076968554925 95.8823873401392 95.9570778247859
72.6476174082298 75.866928510788 79.0862396133462 82.3055507159043 85.5248618184625 85.8366652589285 86.0585457820103 86.280426305092 86.5023068281737 86.7241873512554 86.9460678743372 87.1679483974189 87.3898289205006 87.3343994701087 87.264374757955 87.1943500458013 87.1243253336476 87.0543006214939 86.9842759093402 86.9142511971865 86.8442264850328 87.1116217373488 87.4044141912915 87.6972066452343 87.989999099177 88.2827915531197 88.5755840070624 88.8683764610051 89.1611689149479 89.5640830979388 89.9778884409455 90.3916937839523 90.805499126959 91.2193044699657 91.6331098129724 92.0469151559792 92.4607204989859 92.8227906082631 93.1784664751692 93.5341423420754 93.8898182089815 94.2454940758877 94.6011699427938 94.9568458097 95.3125216766061 95.4289201336423 95.5095644949507 95.5902088562592 95.6708532175677 95.7514975788761 95.8321419401846 95.912786301493
72.5403147517175 75.7596637063918 78.979012661066 82.1983616157403 85.4177105704146 85.7814002727921 86.0567706168512 86.3321409609102 86.6075113049693 86.8828816490284 87.1582519930874 87.4336223371465 87.7089926812056 87.6668344781106 87.6079642462181 87.5490940143257 87.4902237824332 87.4313535505407 87.3724833186482 87.3136130867557 87.2547428548632 87.5060875145623 87.7807816822305 88.0554758498988 88.3301700175671 88.6048641852354 88.8795583529037 89.154252520572 89.4289466882402 89.8061255573445 90.1934402760413 90.5807549947381 90.9680697134349 91.3553844321316 91.7426991508284 92.1300138695252 92.517328588222 92.8610718845478 93.1994299488952 93.5377880132426 93.87614607759 94.2145041419374 94.5528622062848 94.8912202706322 95.2295783349795 95.3489053503788 95.435503588349 95.5221018263192 95.6087000642895 95.6952983022597 95.7818965402299 95.8684947782002
72.4330120952052 75.6523989019955 78.8717857087859 82.0911725155763 85.3105593223667 85.7261352866557 86.0549954516921 86.3838556167285 86.7127157817649 87.0415759468013 87.3704361118377 87.6992962768741 88.0281564419105 87.9992694861126 87.9515537344813 87.90383798285 87.8561222312187 87.8084064795874 87.7606907279562 87.7129749763249 87.6652592246936 87.9005532917757 88.1571491731695 88.4137450545634 88.6703409359572 88.9269368173511 89.1835326987449 89.4401285801388 89.6967244615326 90.0481680167501 90.408992111137 90.7698162055238 91.1306402999107 91.4914643942976 91.8522884886844 92.2131125830713 92.5739366774581 92.8993531608326 93.2203934226212 93.5414336844098 93.8624739461985 94.1835142079871 94.5045544697757 94.8255947315644 95.146634993353 95.2688905671153 95.3614426817473 95.4539947963793 95.5465469110113 95.6390990256433 95.7316511402753 95.8242032549073
72.3257094386928 75.5451340975993 78.7645587565058 81.9839834154123 85.2034080743188 85.6708703005193 86.053220286533 86.4355702725468 86.8179202585605 87.2002702445742 87.582620230588 87.9649702166017 88.3473202026154 88.3317044941145 88.2951432227444 88.2585819513744 88.2220206800043 88.1854594086342 88.1488981372641 88.1123368658941 88.075775594524 88.2950190689891 88.5335166641085 88.772014259228 89.0105118543474 89.2490094494668 89.4875070445862 89.7260046397056 89.964502234825 90.2902104761558 90.6245439462327 90.9588774163096 91.2932108863866 91.6275443564635 91.9618778265404 92.2962112966173 92.6305447666943 92.9376344371173 93.2413568963472 93.545079355577 93.8488018148069 94.1525242740368 94.4562467332667 94.7599691924965 95.0636916517264 95.1888757838519 95.2873817751456 95.3858877664394 95.4843937577332 95.5828997490269 95.6814057403207 95.7799117316145
72.2184067821805 75.4378692932031 78.6573318042257 81.8767943152483 85.0962568262709 85.6156053143829 86.0514451213739 86.487284928365 86.9231247353561 87.3589645423472 87.7948043493382 88.2306441563293 88.6664839633204 88.6641395021165 88.6387327110076 88.6133259198987 88.5879191287899 88.562512337681 88.5371055465721 88.5116987554633 88.4862919643544 88.6894848462026 88.9098841550476 89.1302834638925 89.3506827727375 89.5710820815825 89.7914813904274 90.0118806992724 90.2322800081174 90.5322529355614 90.8400957813284 91.1479386270954 91.4557814728624 91.7636243186294 92.0714671643964 92.3793100101634 92.6871528559304 92.975915713402 93.2623203700732 93.5487250267443 93.8351296834154 94.1215343400865 94.4079389967576 94.6943436534287 94.9807483100998 95.1088610005884 95.2133208685439 95.3177807364995 95.422240604455 95.5267004724105 95.6311603403661 95.7356202083216
72.1111041256682 75.3306044888069 78.5501048519456 81.7696052150843 84.989105578223 85.5603403282465 86.0496699562149 86.5389995841833 87.0283292121517 87.5176588401201 88.0069884680885 88.4963180960569 88.9856477240253 88.9965745101184 88.9823221992708 88.9680698884231 88.9538175775754 88.9395652667278 88.9253129558801 88.9110606450324 88.8968083341848 89.083950623416 89.2862516459866 89.4885526685571 89.6908536911276 89.8931547136982 90.0954557362687 90.2977567588392 90.5000577814098 90.7742953949671 91.0556476164241 91.3369998378812 91.6183520593382 91.8997042807953 92.1810565022524 92.4624087237094 92.7437609451665 93.0141969896868 93.2832838437991 93.5523706979115 93.8214575520238 94.0905444061362 94.3596312602486 94.6287181143609 94.8978049684733 95.0288462173249 95.1392599619422 95.2496737065595 95.3600874511768 95.4705011957941 95.5809149404114 95.6913286850288
72.0038014691559 75.2233396844107 78.4428778996655 81.6624161149203 84.881954330175 85.5050753421101 86.0478947910558 86.5907142400015 87.1335336889473 87.676353137893 88.2191725868387 88.7619920357845 89.3048114847302 89.3290095181204 89.3259116875339 89.3228138569475 89.319716026361 89.3166181957745 89.3135203651881 89.3104225346016 89.3073247040152 89.4784164006295 89.6626191369256 89.8468218732217 90.0310246095178 90.2152273458139 90.39943008211 90.5836328184061 90.7678355547022 91.0163378543727 91.2711994515198 91.526061048667 91.7809226458141 92.0357842429612 92.2906458401084 92.5455074372555 92.8003690344026 93.0524782659715 93.3042473175251 93.5560163690787 93.8077854206323 94.0595544721859 94.3113235237395 94.5630925752931 94.8148616268467 94.9488314340615 95.0651990553405 95.1815666766196 95.2979342978987 95.4143019191778 95.5306695404568 95.6470371617359
71.8964988126436 75.1160748800145 78.3356509473854 81.5552270147563 84.7748030821271 85.4498103559736 86.0461196258967 86.6424288958198 87.2387381657429 87.8350474356659 88.431356705589 89.0276659755121 89.6239752454351 89.6614445261223 89.6695011757971 89.6775578254718 89.6856144751466 89.6936711248213 89.7017277744961 89.7097844241708 89.7178410738456 89.8728821778429 90.0389866278646 90.2050910778863 90.3711955279079 90.5372999779296 90.7034044279512 90.8695088779729 91.0356133279946 91.2583803137784 91.4867512866156 91.7151222594528 91.94349323229 92.1718642051272 92.4002351779644 92.6286061508015 92.8569771236387 93.0907595422562 93.3252107912511 93.5596620402459 93.7941132892408 94.0285645382356 94.2630157872305 94.4974670362253 94.7319182852201 94.868816650798 94.9911381487388 95.1134596466797 95.2357811446205 95.3581026425614 95.4804241405022 95.6027456384431
71.7891961561313 75.0088100756182 78.2284239951052 81.4480379145922 84.6676518340792 85.3945453698372 86.0443444607376 86.694143551638 87.3439426425385 87.9937417334389 88.6435408243393 89.2933399152397 89.9431390061401 89.9938795341243 90.0130906640602 90.0323017939962 90.0515129239321 90.0707240538681 90.089935183804 90.10914631374 90.1283574436759 90.2673479550564 90.4153541188036 90.5633602825508 90.711366446298 90.8593726100453 91.0073787737925 91.1553849375397 91.3033911012869 91.500422773184 91.7023031217113 91.9041834702385 92.1060638187658 92.3079441672931 92.5098245158203 92.7117048643476 92.9135852128749 93.129040818541 93.3461742649771 93.5633077114131 93.7804411578492 93.9975746042853 94.2147080507214 94.4318414971575 94.6489749435936 94.7888018675345 94.9170772421371 95.0453526167397 95.1736279913424 95.301903365945 95.4301787405476 95.5584541151502
71.6818934996189 74.901545271222 78.1211970428251 81.3408488144282 84.5605005860313 85.3392803837008 86.0425692955786 86.7458582074563 87.449147119334 88.1524360312118 88.8557249430895 89.5590138549673 90.262302766845 90.3263145421262 90.3566801523233 90.3870457625205 90.4174113727177 90.4477769829148 90.478142593112 90.5085082033092 90.5388738135063 90.6618137322698 90.7917216097426 90.9216294872154 91.0515373646882 91.181445242161 91.3113531196337 91.4412609971065 91.5711688745793 91.7424652325896 91.917854956807 92.0932446810243 92.2686344052416 92.444024129459 92.6194138536763 92.7948035778937 92.970193302111 93.1673220948257 93.367137738703 93.5669533825804 93.7667690264577 93.966584670335 94.1664003142123 94.3662159580897 94.566031601967 94.7087870842711 94.8430163355354 94.9772455867998 95.1114748380642 95.2457040893286 95.3799333405929 95.5141625918573
71.4427215814943 74.6661203741341 77.8895191667738 81.1129179594135 84.3363167520532 85.175592277175 85.9411320311364 86.7066717850979 87.4722115390594 88.2377512930208 89.0032910469823 89.7688308009438 90.5343705549052 90.6140097690829 90.6575489548509 90.7010881406189 90.7446273263868 90.7881665121548 90.8317056979228 90.8752448836907 90.9187840694587 91.0271851750962 91.1404683607239 91.2537515463516 91.3670347319793 91.480317917607 91.5936011032347 91.7068842888624 91.8201674744901 91.9661497554072 92.1153660127815 92.2645822701557 92.41379852753 92.5630147849043 92.7122310422785 92.8614472996528 93.010663557027 93.1902207351777 93.3735279147728 93.5568350943678 93.7401422739628 93.9234494535578 94.1067566331528 94.2900638127478 94.4733709923428 94.6192805635113 94.7596019862942 94.899923409077 95.0402448318599 95.1805662546428 95.3208876774256 95.4612091002085
68.6980336927362 71.9956537159023 75.2932737390684 78.5908937622345 81.8885137854005 82.9518648832501 83.9461148803166 84.9403648773832 85.9346148744497 86.9288648715163 87.9231148685828 88.9173648656494 89.9116148627159 90.0516491561795 90.1467247284009 90.2418003006222 90.3368758728435 90.4319514450649 90.5270270172862 90.6221025895076 90.7171781617289 90.8397642645689 90.9644210525092 91.0890778404495 91.2137346283898 91.3383914163301 91.4630482042704 91.5877049922107 91.712361780151 91.841033483051 91.9701022654526 92.0991710478541 92.2282398302556 92.3573086126571 92.4863773950587 92.6154461774602 92.7445149598617 92.9208492928089 93.103025435374 93.2852015779392 93.4673777205043 93.6495538630695 93.8317300056346 94.0139061481998 94.1960822907649 94.3494310303221 94.4984722269011 94.6475134234801 94.7965546200591 94.9455958166381 95.0946370132171 95.2436782097961
65.9533458039781 69.3251870576705 72.697028311363 76.0688695650555 79.4407108187479 80.7281374893252 81.9510977294968 83.1740579696684 84.3970182098401 85.6199784500117 86.8429386901833 88.065898930355 89.2888591705266 89.4892885432762 89.6359005019508 89.7825124606256 89.9291244193003 90.075736377975 90.2223483366497 90.3689602953244 90.5155722539991 90.6523433540415 90.7883737442944 90.9244041345474 91.0604345248003 91.1964649150532 91.3324953053061 91.468525695559 91.6045560858119 91.7159172106949 91.8248385181236 91.9337598255524 92.0426811329812 92.15160244041 92.2605237478388 92.3694450552676 92.4783663626964 92.65147785044 92.8325229559753 93.0135680615105 93.1946131670458 93.3756582725811 93.5567033781164 93.7377484836517 93.918793589187 94.0795814971329 94.2373424675081 94.3951034378832 94.5528644082583 94.7106253786334 94.8683863490085 95.0261473193836
63.2086579152199 66.6547203994388 70.1007828836576 73.5468453678765 76.9929078520953 78.5044100954003 79.956080578677 81.4077510619537 82.8594215452304 84.3110920285071 85.7627625117838 87.2144329950605 88.6661034783373 88.9269279303728 89.1250762755008 89.3232246206289 89.521372965757 89.7195213108851 89.9176696560132 90.1158180011412 90.3139663462693 90.4649224435142 90.6123264360797 90.7597304286452 90.9071344212107 91.0545384137762 91.2019424063417 91.3493463989073 91.4967503914728 91.5908009383387 91.6795747707947 91.7683486032508 91.8571224357069 91.9458962681629 92.0346701006189 92.123443933075 92.2122177655311 92.382106408071 92.5620204765765 92.7419345450819 92.9218486135873 93.1017626820928 93.2816767505982 93.4615908191036 93.6415048876091 93.8097319639438 93.976212708115 94.1426934522862 94.3091741964575 94.4756549406287 94.6421356847999 94.8086164289712
60.4639700264618 63.984253741207 67.5045374559522 71.0248211706975 74.5451048854427 76.2806827014754 77.9610634278572 79.641444154239 81.3218248806208 83.0022056070026 84.6825863333844 86.3629670597661 88.0433477861479 88.3645673174694 88.6142520490508 88.8639367806323 89.1136215122137 89.3633062437952 89.6129909753766 89.862675706958 90.1123604385395 90.2775015329868 90.4362791278649 90.5950567227431 90.7538343176212 90.9126119124993 91.0713895073774 91.2301671022555 91.3889446971336 91.4656846659825 91.5343110234658 91.6029373809491 91.6715637384325 91.7401900959158 91.8088164533991 91.8774428108824 91.9460691683657 92.1127349657021 92.2915179971777 92.4703010286533 92.6490840601289 92.8278670916044 93.00665012308 93.1854331545556 93.3642161860312 93.5398824307546 93.715082948722 93.8902834666893 94.0654839846567 94.240684502624 94.4158850205914 94.5910855385587
0 61.3137870829753 64.9082920282469 68.5027969735185 72.0973019187901 74.0569553075505 75.9660462770374 77.8751372465243 79.7842282160111 81.693319185498 83.6024101549849 85.5115011244717 87.4205920939586 87.802206704566 88.1034278226008 88.4046489406356 88.7058700586704 89.0070911767053 89.3083122947401 89.6095334127749 89.9107545308097 90.0900806224595 90.2602318196502 90.4303830168409 90.6005342140317 90.7706854112224 90.9408366084131 91.1109878056038 91.2811390027945 91.3405683936263 91.3890472761369 91.4375261586475 91.4860050411581 91.5344839236687 91.5829628061792 91.6314416886898 91.6799205712004 91.8433635233332 92.0210155177789 92.1986675122247 92.3763195066704 92.5539715011161 92.7316234955618 92.9092754900075 93.0869274844532 93.2700328975654 93.4539531893289 93.6378734810924 93.8217937728558 94.0057140646193 94.1896343563828 94.3735546481463
0 0 62.3120466005415 65.9807727763395 69.6494989521375 71.8332279136256 73.9710291262176 76.1088303388095 78.2466315514015 80.3844327639934 82.5222339765854 84.6600351891773 86.7978364017693 87.2398460916626 87.5926035961508 87.945361100639 88.2981186051272 88.6508761096154 89.0036336141035 89.3563911185917 89.7091486230799 89.9026597119321 90.0841845114355 90.2657093109388 90.4472341104421 90.6287589099454 90.8102837094488 90.9918085089521 91.1733333084554 91.2154521212701 91.243783528808 91.2721149363458 91.3004463438837 91.3287777514215 91.3571091589594 91.3854405664972 91.4137719740351 91.5739920809643 91.7505130383802 91.927033995796 92.1035549532119 92.2800759106277 92.4565968680436 92.6331178254594 92.8096387828753 93.0001833643762 93.1928234299358 93.3854634954954 93.578103561055 93.7707436266146 93.9633836921742 94.1560237577338
0 0 0 63.4587485791605 67.2016959854849 69.6095005197007 71.9760119753978 74.3425234310948 76.7090348867918 79.0755463424888 81.4420577981859 83.8085692538829 86.17508070958 86.6774854787593 87.0817793697008 87.4860732606424 87.8903671515839 88.2946610425255 88.698954933467 89.1032488244085 89.5075427153501 89.7152388014048 89.9081372032207 90.1010356050367 90.2939340068526 90.4868324086685 90.6797308104844 90.8726292123004 91.0655276141163 91.090335848914 91.0985197814791 91.1067037140442 91.1148876466093 91.1230715791744 91.1312555117395 91.1394394443046 91.1476233768697 91.3046206385954 91.4800105589814 91.6554004793674 91.8307903997534 92.0061803201394 92.1815702405254 92.3569601609114 92.5323500812974 92.7303338311871 92.9316936705428 93.1330535098985 93.3344133492542 93.53577318861 93.7371330279657 93.9384928673214
0 0 0 60.9367243819815 64.7538930188323 67.3857731257758 69.9809948245779 72.5762165233801 75.1714382221822 77.7666599209843 80.3618816197864 82.9571033185885 85.5523250173906 86.1151248658559 86.5709551432508 87.0267854206457 87.4826156980406 87.9384459754356 88.3942762528305 88.8501065302254 89.3059368076203 89.5278178908774 89.732089895006 89.9363618991345 90.1406339032631 90.3449059073916 90.5491779115201 90.7534499156486 90.9577219197772 90.9652195765578 90.9532560341502 90.9412924917425 90.9293289493349 90.9173654069273 90.9054018645196 90.893438322112 90.8814747797044 91.0352491962265 91.2095080795827 91.3837669629388 91.5580258462949 91.732284729651 91.9065436130072 92.0808024963633 92.2550613797195 92.4604842979979 92.6705639111497 92.8806435243016 93.0907231374534 93.3008027506053 93.5108823637571 93.7209619769089
0 0 0 0 62.3060900521796 65.1620457318509 67.9859776737581 70.8099096156653 73.6338415575725 76.4577734994797 79.2817054413869 82.1056373832941 84.9295693252013 85.5527642529525 86.0601309168008 86.5674975806491 87.0748642444974 87.5822309083456 88.0895975721939 88.5969642360422 89.1043308998905 89.3403969803501 89.5560425867912 89.7716881932324 89.9873337996735 90.2029794061147 90.4186250125558 90.6342706189969 90.8499162254381 90.8401033042016 90.8079922868213 90.7758812694409 90.7437702520605 90.7116592346802 90.6795482172998 90.6474371999194 90.6153261825391 90.7658777538576 90.9390056001839 91.1121334465102 91.2852612928364 91.4583891391627 91.631516985489 91.8046448318153 91.9777726781415 92.1906347648087 92.4094341517567 92.6282335387046 92.8470329256526 93.0658323126006 93.2846316995486 93.5034310864965
