migration/RangeShiftR/sessile_test/Inputs/hab_suit_raster_ds.asc
NCOLS 377 
NROWS 278 
XLLCORNER 3892807.12893799 
YLLCORNER 2194723.63474359 
CELLSIZE 1000 
NODATA_value -9999 
[rows 46 to 68 of 278, columns 52 to 103 of 377]
97.6551476939875 97.2456500599753 96.8361524259631 96.4266547919509 96.0171571579388 95.6076595239266 95.1981618899144 94.7886642559022 94.2848212000549 93.6057652179425 92.92670923583 92.2476532537176 91.5685972716051 90.8895412894927 90.2104853073802 89.5314293252678 88.9471625662754 88.5553466542239 88.1635307421723 87.7717148301207 87.3798989180691 86.9880830060175 86.596267093966 86.2044511819144 85.9323786514867 85.9268317124154 85.9212847733441 85.9157378342727 85.9101908952014 85.9046439561301 85.8990970170588 85.8935500779874 85.846249276527 85.6967235016312 85.5471977267354 85.3976719518397 85.2481461769439 85.0986204020481 84.9490946271523 84.7995688522565 84.2998281407734 82.8532100081467 81.4065918755201 79.9599737428935 78.5133556102668 77.0667374776402 75.6201193450136 74.1735012123869 72.2193150739997 68.7424249183307 65.2655347626617 61.7886446069928
97.6727584256453 97.2968137325112 96.920869039377 96.5449243462429 96.1689796531088 95.7930349599747 95.4170902668406 95.0411455737064 94.5663632616945 93.9080253717667 93.2496874818388 92.591349591911 91.9330117019831 91.2746738120553 90.6163359221274 89.9579980321996 89.373823054199 88.9402212610204 88.5066194678419 88.0730176746633 87.6394158814847 87.2058140883062 86.7722122951276 86.338610501949 86.0264775356768 85.9847106680026 85.9429438003284 85.9011769326541 85.8594100649799 85.8176431973057 85.7758763296315 85.7341094619573 85.6522013451062 85.4720163768223 85.2918314085383 85.1116464402543 84.9314614719704 84.7512765036864 84.5710915354025 84.3909065671185 83.8680672854328 82.4187922675129 80.969517249593 79.520242231673 78.0709672137531 76.6216921958331 75.1724171779132 73.7231421599932 71.7907674988148 68.409093907861 65.0274203169073 61.6457467259535
97.6903691573031 97.347977405047 97.005585652791 96.6631939005349 96.3208021482788 95.9784103960228 95.6360186437667 95.2936268915107 94.8479053233341 94.2102855255909 93.5726657278476 92.9350459301044 92.2974261323611 91.6598063346179 91.0221865368746 90.3845667391314 89.8004835421225 89.325095867817 88.8497081935114 88.3743205192059 87.8989328449003 87.4235451705948 86.9481574962892 86.4727698219836 86.1205764198669 86.0425896235898 85.9646028273127 85.8866160310356 85.8086292347584 85.7306424384813 85.6526556422042 85.5746688459271 85.4581534136854 85.2473092520133 85.0364650903411 84.825620928669 84.6147767669969 84.4039326053248 84.1930884436526 83.9822442819805 83.4363064300923 81.984374526879 80.5324426236658 79.0805107204525 77.6285788172393 76.176646914026 74.7247150108128 73.2727831075995 71.36221992363 68.0757628973914 64.7893058711528 61.5028488449142
97.7079798889608 97.3991410775829 97.0903022662049 96.7814634548269 96.4726246434489 96.1637858320709 95.8549470206929 95.546108209315 95.1294473849737 94.5125456794151 93.8956439738564 93.2787422682978 92.6618405627391 92.0449388571804 91.4280371516218 90.8111354460631 90.2271440300461 89.7099704746136 89.192796919181 88.6756233637485 88.1584498083159 87.6412762528834 87.1241026974508 86.6069291420183 86.214675304057 86.100468579177 85.986261854297 85.872055129417 85.757848404537 85.643641679657 85.5294349547769 85.4152282298969 85.2641054822646 85.0226021272043 84.781098772144 84.5395954170837 84.2980920620234 84.0565887069631 83.8150853519028 83.5735819968425 83.0045455747517 81.5499567862452 80.0953679977386 78.6407792092321 77.1861904207255 75.731601632219 74.2770128437124 72.8224240552058 70.9336723484451 67.7424318869217 64.5511914253983 61.359950963875
97.7269961694451 97.4449765870075 97.1629570045699 96.8809374221324 96.5989178396948 96.3168982572572 96.0348786748197 95.7528590923821 95.363216267147 94.7737017052878 94.1841871434287 93.5946725815696 93.0051580197105 92.4156434578513 91.8261288959922 91.2366143341331 90.663691250528 90.1244538954992 89.5852165404705 89.0459791854417 88.506741830413 87.9675044753842 87.4282671203555 86.8890297653267 86.4658862256313 86.3011450490971 86.1364038725629 85.9716626960288 85.8069215194946 85.6421803429604 85.4774391664262 85.3126979898921 85.1004657104119 84.7719621099259 84.4434585094399 84.1149549089539 83.7864513084679 83.4579477079819 83.1294441074959 82.8009405070099 82.167780757478 80.7109210494146 79.2540613413513 77.7972016332879 76.3403419252245 74.8834822171611 73.4266225090978 71.9697628010344 70.1126497439025 67.054776639565 63.9969035352275 60.93903043089
97.7471624444237 97.4864526902503 97.2257429360769 96.9650331819035 96.70432342773 96.4436136735566 96.1829039193832 95.9221941652097 95.5578980024841 95.0012270810185 94.444556159553 93.8878852380874 93.3312143166218 92.7745433951563 92.2178724736907 91.6612015522252 91.1083276158303 90.5631627097305 90.0179978036308 89.472832897531 88.9276679914313 88.3825030853315 87.8373381792317 87.292173273132 86.8456433596108 86.618655848926 86.3916683382412 86.1646808275563 85.9376933168715 85.7107058061867 85.4837182955018 85.256730784817 84.961705341842 84.500104271536 84.03850320123 83.5769021309239 83.1153010606179 82.6536999903119 82.1920989200059 81.7304978496999 80.999649062259 79.5408342247868 78.0820193873146 76.6232045498425 75.1643897123703 73.7055748748981 72.246760037426 70.7879451999538 68.970511206249 66.0772197438461 63.1839282814433 60.2906368190405
97.7673287194024 97.5279287934931 97.2885288675838 97.0491289416745 96.8097290157653 96.570329089856 96.3309291639467 96.0915292380374 95.7525797378212 95.2287524567492 94.7049251756772 94.1810978946052 93.6572706135332 93.1334433324612 92.6096160513892 92.0857887703172 91.5529639811326 91.0018715239619 90.4507790667911 89.8996866096203 89.3485941524495 88.7975016952787 88.2464092381079 87.6953167809372 87.2254004935903 86.9361666487548 86.6469328039194 86.3576989590839 86.0684651142484 85.7792312694129 85.4899974245774 85.2007635797419 84.8229449732722 84.2282464331462 83.6335478930201 83.038849352894 82.444150812768 81.8494522726419 81.2547537325159 80.6600551923898 79.83151736704 78.370747400159 76.909977433278 75.4492074663971 73.9884374995161 72.5276675326352 71.0668975657542 69.6061275988733 67.8283726685955 65.0996628481273 62.3709530276591 0
97.787494994381 97.5694048967359 97.3513147990907 97.1332247014456 96.9151346038005 96.6970445061554 96.4789544085102 96.2608643108651 95.9472614731583 95.4562778324799 94.9652941918014 94.474310551123 93.9833269104446 93.4923432697662 93.0013596290878 92.5103759884093 91.997600346435 91.4405803381932 90.8835603299514 90.3265403217096 89.7695203134678 89.212500305226 88.6554802969842 88.0984602887424 87.6051576275698 87.2536774485837 86.9021972695976 86.5507170906114 86.1992369116253 85.8477567326392 85.496276553653 85.1447963746669 84.6841846047024 83.9563885947563 83.2285925848102 82.5007965748641 81.773000564918 81.045204554972 80.3174085450259 79.5896125350798 78.6633856718209 77.2006605755312 75.7379354792414 74.2752103829517 72.8124852866619 71.3497601903722 69.8870350940824 68.4243099977927 66.686234130942 64.1221059524084 61.5579777738749 0
97.8076612693596 97.6108809999787 97.4141007305977 97.2173204612167 97.0205401918357 96.8237599224547 96.6269796530737 96.4301993836928 96.1419432084954 95.6838032082105 95.2256632079257 94.7675232076408 94.3093832073559 93.8512432070711 93.3931032067863 92.9349632065014 92.4422367117373 91.8792891524245 91.3163415931117 90.7533940337989 90.190446474486 89.6274989151732 89.0645513558604 88.5016037965476 87.9849147615493 87.5711882484126 87.1574617352758 86.743735222139 86.3300087090022 85.9162821958654 85.5025556827286 85.0888291695918 84.5454242361325 83.6845307563664 82.8236372766003 81.9627437968342 81.1018503170681 80.240956837302 79.3800633575359 78.5191698777698 77.4952539766019 76.0305737509034 74.5658935252048 73.1012132995063 71.6365330738078 70.1718528481092 68.7071726224107 67.2424923967122 65.5440955932885 63.1445490566896 60.7450025200907 0
97.8278275443383 97.6523571032214 97.4768866621046 97.3014162209878 97.1259457798709 96.9504753387541 96.7750048976373 96.5995344565204 96.3366249438325 95.9113285839412 95.4860322240499 95.0607358641586 94.6354395042673 94.210143144376 93.7848467844848 93.3595504245935 92.8868730770396 92.3179979666558 91.749122856272 91.1802477458881 90.6113726355043 90.0424975251205 89.4736224147366 88.9047473043528 88.3646718955289 87.8886990482414 87.412726200954 86.9367533536665 86.4607805063791 85.9848076590917 85.5088348118042 85.0328619645168 84.4066638675627 83.4126729179766 82.4186819683904 81.4246910188043 80.4307000692182 79.436709119632 78.4427181700459 77.4487272204597 76.3271222813829 74.8604869262756 73.3938515711682 71.9272162160609 70.4605808609536 68.9939455058462 67.5273101507389 66.0606747956316 64.401957055635 62.1669921609707 0 0
97.8479938193169 97.6938332064642 97.5396725936115 97.3855119807588 97.2313513679062 97.0771907550535 96.9230301422008 96.7688695293481 96.5313066791696 96.1388539596719 95.7464012401742 95.3539485206765 94.9614958011787 94.569043081681 94.1765903621833 93.7841376426855 93.3315094423419 92.7567067808871 92.1819041194323 91.6071014579774 91.0322987965226 90.4574961350677 89.8826934736129 89.307890812158 88.7444290295084 88.2062098480703 87.6679906666322 87.1297714851941 86.591552303756 86.0533331223179 85.5151139408798 84.9768947594417 84.2679034989929 83.1408150795867 82.0137266601806 80.8866382407744 79.7595498213682 78.6324614019621 77.5053729825559 76.3782845631497 75.1589905861639 73.6904001016477 72.2218096171316 70.7532191326155 69.2846286480994 67.8160381635833 66.3474476790671 64.878857194551 63.2598185179815 61.1894352652519 0 0
97.8681600942956 97.735309309707 97.6024585251185 97.46960774053 97.3367569559414 97.2039061713529 97.0710553867643 96.9382046021758 96.7259884145067 96.3663793354026 96.0067702562984 95.6471611771943 95.2875520980901 94.9279430189859 94.5683339398818 94.2087248607776 93.7761458076443 93.1954155951184 92.6146853825926 92.0339551700667 91.4532249575408 90.872494745015 90.2917645324891 89.7110343199633 89.1241861634879 88.5237206478992 87.9232551323104 87.3227896167216 86.7223241011329 86.1218585855441 85.5213930699554 84.9209275543667 84.1291431304231 82.8689572411969 81.6087713519707 80.3485854627445 79.0883995735183 77.8282136842921 76.5680277950659 75.3078419058397 73.9908588909448 72.5203132770199 71.049767663095 69.5792220491701 68.1086764352452 66.6381308213203 65.1675852073954 63.6970395934705 62.117679980328 60.211878369533 0 0
97.8883263692742 97.7767854129498 97.6652444566254 97.553703500301 97.4421625439766 97.3306215876522 97.2190806313278 97.1075396750034 96.9206701498439 96.5939047111333 96.2671392724227 95.9403738337121 95.6136083950015 95.2868429562909 94.9600775175803 94.6333120788697 94.2207821729466 93.6341244093497 93.0474666457528 92.460808882156 91.8741511185591 91.2874933549622 90.7008355913653 90.1141778277685 89.5039432974674 88.841231447728 88.1785195979886 87.5158077482492 86.8530958985098 86.1903840487704 85.527672199031 84.8649603492916 83.9903827618532 82.597099402807 81.2038160437608 79.8105326847146 78.4172493256683 77.0239659666221 75.6306826075759 74.2373992485297 72.8227271957258 71.3502264523921 69.8777257090584 68.4052249657247 66.932724222391 65.4602234790573 63.9877227357236 62.5152219923899 60.9755414426745 0 0 0
97.9084926442528 97.8182615161926 97.7280303881324 97.6377992600721 97.5475681320119 97.4573370039516 97.3671058758914 97.2768747478311 97.115351885181 96.8214300868639 96.5275082885469 96.2335864902299 95.9396646919129 95.6457428935958 95.3518210952788 95.0578992969617 94.6654185382489 94.072833223581 93.4802479089132 92.8876625942453 92.2950772795774 91.7024919649095 91.1099066502416 90.5173213355737 89.8837004314469 89.1587422475569 88.4337840636668 87.7088258797768 86.9838676958867 86.2589095119967 85.5339513281066 84.8089931442165 83.8516223932834 82.3252415644172 80.7988607355509 79.2724799066847 77.7460990778184 76.2197182489521 74.6933374200859 73.1669565912196 71.6545955005068 70.1801396277643 68.7056837550218 67.2312278822793 65.7567720095368 64.2823161367943 62.8078602640518 61.3334043913094 0 0 0 0
97.9286589192315 97.8597376194354 97.7908163196393 97.7218950198432 97.6529737200471 97.584052420251 97.5151311204549 97.4462098206588 97.3100336205181 97.0489554625946 96.7878773046712 96.5267991467477 96.2657209888242 96.0046428309007 95.7435646729773 95.4824865150538 95.1100549035513 94.5115420378124 93.9130291720734 93.3145163063345 92.7160034405956 92.1174905748567 91.5189777091178 90.9204648433789 90.2634575654264 89.4762530473857 88.689048529345 87.9018440113043 87.1146394932636 86.3274349752229 85.5402304571822 84.7530259391415 83.7128620247136 82.0533837260273 80.393905427341 78.7344271286547 77.0749488299684 75.4154705312822 73.7559922325959 72.0965139339096 70.4864638052878 69.0100528031365 67.5336418009852 66.0572307988339 64.5808197966826 63.1044087945314 61.6279977923801 60.1515867902288 0 0 0 0
97.9179662539248 97.8671561155809 97.816345977237 97.7655358388931 97.7147257005492 97.6639155622053 97.6131054238614 97.5622952855175 97.4461992479596 97.2088579690042 96.9715166900488 96.7341754110934 96.4968341321379 96.2594928531825 96.0221515742271 95.7848102952717 95.4306632579591 94.8393651354971 94.2480670130351 93.656768890573 93.065470768111 92.474172645649 91.8828745231869 91.2915764007249 90.6280156148641 89.8036121265997 88.9792086383352 88.1548051500708 87.3304016618064 86.5059981735419 85.6815946852775 84.8571911970131 83.7610418171529 81.9995835302828 80.2381252434126 78.4766669565424 76.7152086696722 74.953750382802 73.1922920959319 71.4308338090617 69.7504426710416 68.2892330836163 66.828023496191 65.3668139087657 63.9056043213404 62.4443947339151 60.9831851464898 0 0 0 0 0
97.8695571060471 97.8329486474964 97.7963401889456 97.7597317303949 97.7231232718442 97.6865148132934 97.6499063547427 97.613297896192 97.5108451879731 97.286110301799 97.0613754156249 96.8366405294508 96.6119056432768 96.3871707571027 96.1624358709286 95.9377009847545 95.5996818212738 95.0316612462916 94.4636406713094 93.8956200963272 93.3275995213451 92.7595789463629 92.1915583713807 91.6235377963985 90.9739970054173 90.1430079917287 89.3120189780401 88.4810299643515 87.6500409506629 86.8190519369743 85.9880629232857 85.1570739095971 84.0377040286036 82.2122982311047 80.3868924336059 78.5614866361071 76.7360808386083 74.9106750411095 73.0852692436107 71.2598634461119 69.5425566668734 68.1175176036721 66.6924785404709 65.2674394772696 63.8424004140683 62.4173613508671 60.9923222876658 0 0 0 0 0
97.8211479581694 97.7987411794118 97.7763344006543 97.7539276218967 97.7315208431391 97.7091140643816 97.686707285624 97.6643005068664 97.5754911279866 97.3633626345938 97.1512341412011 96.9391056478083 96.7269771544156 96.5148486610228 96.3027201676301 96.0905916742373 95.7687003845884 95.2239573570861 94.6792143295838 94.1344713020814 93.5897282745791 93.0449852470768 92.5002422195744 91.9554991920721 91.3199783959706 90.4824038568578 89.644829317745 88.8072547786322 87.9696802395195 87.1321057004067 86.2945311612939 85.4569566221812 84.3143662400541 82.4250129319267 80.5356596237993 78.6463063156718 76.7569530075444 74.867599699417 72.9782463912895 71.0888930831621 69.3346706627052 67.945802123728 66.5569335847507 65.1680650457735 63.7791965067963 62.390327967819 61.0014594288418 0 0 0 0 0
97.7727388102917 97.7645337113273 97.7563286123629 97.7481235133985 97.7399184144341 97.7317133154697 97.7235082165053 97.7153031175409 97.640137068 97.4406149673886 97.2410928667772 97.0415707661658 96.8420486655544 96.642526564943 96.4430044643316 96.2434823637202 95.9377189479031 95.4162534678806 94.8947879878581 94.3733225078356 93.8518570278132 93.3303915477907 92.8089260677682 92.2874605877457 91.6659597865238 90.8217997219868 89.9776396574499 89.133479592913 88.289319528376 87.4451594638391 86.6009993993022 85.7568393347652 84.5910284515047 82.6377276327487 80.6844268139926 78.7311259952365 76.7778251764805 74.8245243577244 72.8712235389684 70.9179227202123 69.126784658537 67.7740866437838 66.4213886290306 65.0686906142774 63.7159925995242 62.363294584771 61.0105965700178 0 0 0 0 0
97.724329662414 97.7303262432428 97.7363228240716 97.7423194049003 97.7483159857291 97.7543125665578 97.7603091473866 97.7663057282153 97.7047830080135 97.5178673001834 97.3309515923533 97.1440358845233 96.9571201766932 96.7702044688631 96.583288761033 96.396373053203 96.1067375112177 95.6085495786751 95.1103616461325 94.6121737135898 94.1139857810472 93.6157978485046 93.1176099159619 92.6194219834193 92.011941177077 91.1611955871159 90.3104499971548 89.4597044071937 88.6089588172326 87.7582132272715 86.9074676373104 86.0567220473493 84.8676906629553 82.8504423335706 80.833194004186 78.8159456748013 76.7986973454166 74.7814490160319 72.7642006866472 70.7469523572625 68.9188986543688 67.6023711638396 66.2858436733105 64.9693161827813 63.6527886922521 62.336261201723 61.0197337111938 0 0 0 0 0
97.6759205145364 97.6961187751583 97.7163170357802 97.7365152964021 97.756713557024 97.7769118176459 97.7971100782679 97.8173083388898 97.769428948027 97.5951196329782 97.4208103179295 97.2465010028807 97.072191687832 96.8978823727832 96.7235730577345 96.5492637426858 96.2757560745324 95.8008456894696 95.3259353044068 94.8510249193441 94.3761145342813 93.9012041492185 93.4262937641557 92.9513833790929 92.3579225676302 91.5005914522449 90.6432603368596 89.7859292214744 88.9285981060891 88.0712669907039 87.2139358753186 86.3566047599333 85.144352874406 83.0631570343926 80.9819611943793 78.900765354366 76.8195695143527 74.7383736743393 72.657177834326 70.5759819943127 68.7110126502006 67.4306556838955 66.1502987175903 64.8699417512852 63.58958478498 62.3092278186749 61.0288708523698 0 0 0 0 0
97.6275113666587 97.6619113070737 97.6963112474888 97.7307111879039 97.765111128319 97.7995110687341 97.8339110091491 97.8683109495642 97.8340748880405 97.672371965773 97.5106690435056 97.3489661212382 97.1872631989708 97.0255602767034 96.863857354436 96.7021544321686 96.444774637847 95.9931418002641 95.5415089626812 95.0898761250982 94.6382432875153 94.1866104499324 93.7349776123495 93.2833447747665 92.7039039581834 91.839987317374 90.9760706765645 90.1121540357551 89.2482373949457 88.3843207541362 87.5204041133268 86.6564874725174 85.4210150858565 83.2758717352146 81.1307283845726 78.9855850339307 76.8404416832887 74.6952983326468 72.5501549820048 70.4050116313629 68.5031266460324 67.2589402039513 66.0147537618702 64.7705673197891 63.526380877708 62.2821944356269 61.0380079935458 0 0 0 0 0
97.579102218781 97.6277038389892 97.6763054591975 97.7249070794057 97.773508699614 97.8221103198222 97.8707119400304 97.9193135602387 97.8987208280539 97.7496242985678 97.6005277690818 97.4514312395957 97.3023347101096 97.1532381806235 97.0041416511375 96.8550451216514 96.6137932011617 96.1854379110586 95.7570826209555 95.3287273308524 94.9003720407494 94.4720167506463 94.0436614605432 93.6153061704401 93.0498853487366 92.179383182503 91.3088810162694 90.4383788500358 89.5678766838022 88.6973745175686 87.8268723513351 86.9563701851014 85.6976772973071 83.4885864360366 81.279495574766 79.0704047134954 76.8613138522248 74.6522229909542 72.4431321296837 70.2340412684131 68.2952406418642 67.0872247240071 65.87920880615 64.671192888293 63.4631769704359 62.2551610525788 61.0471451347218 0 0 0 0 0
