migration/RangeShiftR/first_test/Inputs/hab_suit_raster_ds.asc
NCOLS 106 
NROWS 143 
XLLCORNER 3653683.30105483 
YLLCORNER 2118173.56644442 
CELLSIZE 1000 
NODATA_value -9999 
[rows 0 to 22 of 143, columns 0 to 52 of 106]
-9999.000000000000000 -9999 -9999 -9999 -9999 -9999 -9999 -9999 -9999 -9999 -9999 -9999 -9999 -9999 -9999 -9999 -9999 -9999 -9999 -9999 99.4335704815151 99.3792778056059 99.3249851296967 99.2706924537875 99.2163997778782 99.162107101969 99.1078144260598 99.0535217501505 98.9992290742413 98.9444409633939 98.8895549522294 98.8346689410649 98.7797829299004 98.7248969187359 98.6700109075714 98.6151248964069 98.5602388852424 98.474174415145 98.3709497079605 98.2677250007761 98.1645002935916 98.0612755864071 97.9580508792226 97.8548261720381 97.7516014648536 97.5559382854759 97.2495521009436 96.9431659164114 96.6367797318792 96.3303935473469 96.0240073628146 95.7176211782824 95.4112349937502
-9999 -9999 -9999 -9999 -9999 -9999 -9999 -9999 -9999 -9999 -9999 -9999 -9999 -9999 -9999 -9999 -9999 -9999 -9999 -9999 99.4335704815152 99.3792778056059 99.3249851296967 99.2706924537875 99.2163997778782 99.162107101969 99.1078144260598 99.0535217501505 98.9992290742413 98.9444409633939 98.8895549522294 98.8346689410649 98.7797829299004 98.7248969187359 98.6700109075714 98.6151248964069 98.5602388852424 98.474174415145 98.3709497079605 98.2677250007761 98.1645002935916 98.0612755864071 97.9580508792226 97.8548261720381 97.7516014648536 97.5559382854759 97.2495521009436 96.9431659164114 96.6367797318792 96.3303935473469 96.0240073628146 95.7176211782824 95.4112349937502
-9999 -9999 -9999 -9999 -9999 -9999 -9999 -9999 -9999 -9999 -9999 -9999 -9999 -9999 -9999 -9999 -9999 -9999 -9999 -9999 99.4335704815151 99.3792778056059 99.3249851296967 99.2706924537875 99.2163997778782 99.162107101969 99.1078144260598 99.0535217501505 98.9992290742413 98.9444409633939 98.8895549522294 98.8346689410649 98.7797829299004 98.7248969187359 98.6700109075714 98.6151248964069 98.5602388852424 98.474174415145 98.3709497079605 98.267725000776 98.1645002935916 98.0612755864071 97.9580508792226 97.8548261720381 97.7516014648536 97.5559382854759 97.2495521009436 96.9431659164114 96.6367797318791 96.3303935473469 96.0240073628147 95.7176211782824 95.4112349937502
-9999 -9999 -9999 -9999 -9999 -9999 -9999 -9999 -9999 -9999 -9999 -9999 -9999 -9999 -9999 -9999 -9999 -9999 -9999 -9999 99.4335704815151 99.3792778056059 99.3249851296967 99.2706924537875 99.2163997778782 99.162107101969 99.1078144260598 99.0535217501505 98.9992290742413 98.9444409633939 98.8895549522294 98.8346689410649 98.7797829299004 98.7248969187359 98.6700109075714 98.6151248964069 98.5602388852424 98.474174415145 98.3709497079605 98.267725000776 98.1645002935916 98.0612755864071 97.9580508792226 97.8548261720381 97.7516014648536 97.5559382854759 97.2495521009436 96.9431659164114 96.6367797318791 96.3303935473469 96.0240073628147 95.7176211782824 95.4112349937502
-9999 -9999 -9999 -9999 -9999 -9999 -9999 -9999 -9999 -9999 -9999 -9999 -9999 -9999 -9999 -9999 -9999 -9999 -9999 -9999 99.4335704815152 99.3792778056059 99.3249851296967 99.2706924537875 99.2163997778782 99.162107101969 99.1078144260598 99.0535217501505 98.9992290742413 98.9444409633939 98.8895549522294 98.8346689410649 98.7797829299004 98.7248969187359 98.6700109075714 98.6151248964069 98.5602388852424 98.474174415145 98.3709497079605 98.267725000776 98.1645002935916 98.0612755864071 97.9580508792226 97.8548261720381 97.7516014648536 97.5559382854759 97.2495521009436 96.9431659164114 96.6367797318792 96.3303935473469 96.0240073628146 95.7176211782824 95.4112349937502
-9999 -9999 -9999 -9999 -9999 -9999 -9999 -9999 -9999 -9999 -9999 -9999 -9999 -9999 -9999 -9999 -9999 -9999 -9999 -9999 99.4335704815152 99.3792778056059 99.3249851296967 99.2706924537875 99.2163997778782 99.162107101969 99.1078144260598 99.0535217501505 98.9992290742413 98.9444409633939 98.8895549522294 98.8346689410649 98.7797829299004 98.7248969187359 98.6700109075714 98.6151248964069 98.5602388852424 98.474174415145 98.3709497079605 98.267725000776 98.1645002935916 98.0612755864071 97.9580508792226 97.8548261720381 97.7516014648536 97.5559382854759 97.2495521009436 96.9431659164114 96.6367797318791 96.3303935473469 96.0240073628146 95.7176211782824 95.4112349937502
-9999 -9999 -9999 -9999 -9999 -9999 -9999 -9999 -9999 -9999 -9999 -9999 -9999 -9999 -9999 -9999 -9999 -9999 -9999 -9999 99.4335704815151 99.3792778056059 99.3249851296967 99.2706924537875 99.2163997778782 99.162107101969 99.1078144260598 99.0535217501505 98.9992290742413 98.9444409633939 98.8895549522294 98.8346689410649 98.7797829299004 98.7248969187359 98.6700109075714 98.6151248964069 98.5602388852424 98.474174415145 98.3709497079605 98.267725000776 98.1645002935915 98.0612755864071 97.9580508792226 97.8548261720381 97.7516014648536 97.5559382854759 97.2495521009436 96.9431659164114 96.6367797318791 96.3303935473469 96.0240073628147 95.7176211782824 95.4112349937502
-9999 -9999 -9999 -9999 -9999 -9999 -9999 -9999 -9999 -9999 -9999 -9999 -9999 -9999 -9999 -9999 -9999 -9999 -9999 -9999 99.4335704815151 99.3792778056059 99.3249851296967 99.2706924537875 99.2163997778782 99.162107101969 99.1078144260598 99.0535217501505 98.9992290742413 98.9444409633939 98.8895549522294 98.8346689410649 98.7797829299004 98.7248969187359 98.6700109075714 98.6151248964069 98.5602388852424 98.474174415145 98.3709497079605 98.2677250007761 98.1645002935916 98.0612755864071 97.9580508792226 97.8548261720381 97.7516014648536 97.5559382854759 97.2495521009436 96.9431659164114 96.6367797318791 96.3303935473469 96.0240073628147 95.7176211782824 95.4112349937502
-9999 -9999 -9999 -9999 -9999 -9999 -9999 -9999 -9999 -9999 -9999 -9999 -9999 -9999 -9999 -9999 -9999 -9999 -9999 -9999 99.4335704815151 99.3792778056059 99.3249851296967 99.2706924537875 99.2163997778782 99.162107101969 99.1078144260598 99.0535217501505 98.9992290742413 98.9444409633939 98.8895549522294 98.8346689410649 98.7797829299004 98.7248969187359 98.6700109075714 98.6151248964069 98.5602388852424 98.474174415145 98.3709497079605 98.267725000776 98.1645002935916 98.0612755864071 97.9580508792226 97.8548261720381 97.7516014648536 97.5559382854759 97.2495521009436 96.9431659164114 96.6367797318791 96.3303935473469 96.0240073628146 95.7176211782824 95.4112349937502
-9999 -9999 -9999 -9999 -9999 -9999 -9999 -9999 -9999 -9999 -9999 -9999 -9999 -9999 -9999 -9999 -9999 -9999 -9999 -9999 99.4335704815152 99.3792778056059 99.3249851296967 99.2706924537875 99.2163997778782 99.162107101969 99.1078144260598 99.0535217501505 98.9992290742413 98.9444409633939 98.8895549522294 98.8346689410649 98.7797829299004 98.7248969187359 98.6700109075714 98.6151248964069 98.5602388852424 98.474174415145 98.3709497079605 98.267725000776 98.1645002935915 98.0612755864071 97.9580508792226 97.8548261720381 97.7516014648536 97.5559382854759 97.2495521009436 96.9431659164114 96.6367797318791 96.3303935473469 96.0240073628146 95.7176211782824 95.4112349937502
-9999 -9999 -9999 -9999 -9999 -9999 -9999 -9999 -9999 -9999 -9999 -9999 -9999 -9999 -9999 -9999 -9999 -9999 -9999 -9999 99.4335704815152 99.3792778056059 99.3249851296967 99.2706924537875 99.2163997778782 99.162107101969 99.1078144260598 99.0535217501505 98.9992290742413 98.9444409633939 98.8895549522294 98.8346689410649 98.7797829299004 98.7248969187359 98.6700109075714 98.6151248964069 98.5602388852424 98.474174415145 98.3709497079605 98.267725000776 98.1645002935916 98.0612755864071 97.9580508792226 97.8548261720381 97.7516014648536 97.5559382854759 97.2495521009436 96.9431659164114 96.6367797318791 96.3303935473469 96.0240073628146 95.7176211782824 95.4112349937502
-9999 -9999 -9999 -9999 -9999 -9999 -9999 -9999 -9999 -9999 -9999 -9999 -9999 -9999 -9999 -9999 99.4349277984129 99.4349277984129 99.4349277984129 99.4349277984129 99.4335704815152 99.3792778056059 99.3249851296967 99.2706924537875 99.2163997778782 99.162107101969 99.1078144260598 99.0535217501505 98.9992290742413 98.9444409633939 98.8895549522294 98.8346689410649 98.7797829299004 98.7248969187359 98.6700109075714 98.6151248964069 98.5602388852424 98.474174415145 98.3709497079605 98.2677250007761 98.1645002935916 98.0612755864071 97.9580508792226 97.8548261720381 97.7516014648536 97.5559382854759 97.2495521009436 96.9431659164114 96.6367797318792 96.3303935473469 96.0240073628146 95.7176211782824 95.4112349937502
-9999 -9999 -9999 -9999 -9999 -9999 -9999 -9999 -9999 -9999 -9999 -9999 -9999 -9999 -9999 -9999 99.4349277984129 99.4349277984129 99.4349277984129 99.4349277984129 99.4335704815151 99.3792778056059 99.3249851296967 99.2706924537875 99.2163997778782 99.162107101969 99.1078144260598 99.0535217501505 98.9992290742413 98.9444409633939 98.8895549522294 98.8346689410649 98.7797829299004 98.7248969187359 98.6700109075714 98.6151248964069 98.5602388852424 98.474174415145 98.3709497079605 98.267725000776 98.1645002935915 98.0612755864071 97.9580508792226 97.8548261720381 97.7516014648536 97.5559382854759 97.2495521009436 96.9431659164114 96.6367797318791 96.3303935473469 96.0240073628147 95.7176211782824 95.4112349937502
-9999 -9999 -9999 -9999 -9999 -9999 -9999 -9999 -9999 -9999 -9999 -9999 -9999 -9999 -9999 -9999 99.4349277984129 99.4349277984129 99.4349277984129 99.4349277984129 99.4335704815152 99.3792778056059 99.3249851296967 99.2706924537875 99.2163997778782 99.162107101969 99.1078144260598 99.0535217501505 98.9992290742413 98.9444409633939 98.8895549522294 98.8346689410649 98.7797829299004 98.7248969187359 98.6700109075714 98.6151248964069 98.5602388852424 98.474174415145 98.3709497079605 98.267725000776 98.1645002935916 98.061275586407 97.9580508792226 97.8548261720381 97.7516014648536 97.5559382854759 97.2495521009436 96.9431659164114 96.6367797318791 96.3303935473469 96.0240073628146 95.7176211782824 95.4112349937502
-9999 -9999 -9999 -9999 -9999 -9999 -9999 -9999 -9999 -9999 -9999 -9999 -9999 -9999 -9999 -9999 99.4349277984129 99.4349277984129 99.4349277984129 99.4349277984129 99.4335704815151 99.3792778056059 99.3249851296967 99.2706924537875 99.2163997778782 99.162107101969 99.1078144260598 99.0535217501505 98.9992290742413 98.9444409633939 98.8895549522294 98.8346689410649 98.7797829299004 98.7248969187359 98.6700109075714 98.6151248964069 98.5602388852424 98.474174415145 98.3709497079605 98.2677250007761 98.1645002935916 98.0612755864071 97.9580508792226 97.8548261720381 97.7516014648536 97.5559382854759 97.2495521009436 96.9431659164114 96.6367797318791 96.3303935473469 96.0240073628146 95.7176211782824 95.4112349937502
-9999 -9999 -9999 -9999 -9999 -9999 -9999 -9999 -9999 -9999 -9999 -9999 -9999 -9999 -9999 -9999 99.4349277984129 99.4349277984129 99.4349277984129 99.4349277984129 99.4335704815152 99.3792778056059 99.3249851296967 99.2706924537875 99.2163997778782 99.162107101969 99.1078144260598 99.0535217501505 98.9992290742413 98.9444409633939 98.8895549522294 98.8346689410649 98.7797829299004 98.7248969187359 98.6700109075714 98.6151248964069 98.5602388852424 98.474174415145 98.3709497079605 98.267725000776 98.1645002935915 98.0612755864071 97.9580508792226 97.8548261720381 97.7516014648536 97.5559382854759 97.2495521009436 96.9431659164114 96.6367797318791 96.3303935473469 96.0240073628146 95.7176211782824 95.4112349937502
-9999 -9999 -9999 -9999 -9999 -9999 -9999 -9999 -9999 -9999 -9999 -9999 98.8349324997707 98.9101670199767 98.9854015401826 99.0606360603885 99.1358705805944 99.2111051008003 99.2863396210062 99.3615741412121 99.4335704815152 99.3792778056059 99.3249851296967 99.2706924537875 99.2163997778782 99.162107101969 99.1078144260598 99.0535217501505 98.9992290742413 98.9444409633939 98.8895549522294 98.8346689410649 98.7797829299004 98.7248969187359 98.6700109075714 98.6151248964069 98.5602388852424 98.474174415145 98.3709497079605 98.267725000776 98.1645002935916 98.0612755864071 97.9580508792226 97.8548261720381 97.7516014648536 97.5559382854759 97.2495521009436 96.9431659164114 96.6367797318791 96.3303935473469 96.0240073628146 95.7176211782824 95.4112349937502
-9999 -9999 -9999 -9999 -9999 -9999 -9999 -9999 -9999 -9999 -9999 -9999 98.8319915139809 98.893547030513 98.9551025470451 99.0166580635772 99.0782135801093 99.1397690966414 99.2013246131735 99.2628801297056 99.3218678971436 99.2807134499092 99.2395590026748 99.1984045554404 99.157250108206 99.1160956609716 99.0749412137372 99.0337867665028 98.9926323192684 98.944090876044 98.8940897270251 98.8440885780063 98.7940874289875 98.7440862799686 98.6940851309498 98.6440839819309 98.5940828329121 98.5134555117177 98.4159719252174 98.318488338717 98.2210047522167 98.1235211657164 98.0260375792161 97.9285539927158 97.8310704062154 97.6456258507876 97.3548214534576 97.0640170561275 96.7732126587975 96.4824082614674 96.1916038641374 95.9007994668073 95.6099950694773
-9999 -9999 -9999 -9999 -9999 -9999 -9999 -9999 -9999 -9999 -9999 -9999 98.829050528191 98.8769270410493 98.9248035539076 98.9726800667659 99.0205565796242 99.0684330924825 99.1163096053409 99.1641861181992 99.210165312772 99.1821490942124 99.1541328756529 99.1261166570933 99.0981004385337 99.0700842199742 99.0420680014146 99.014051782855 98.9860355642955 98.943740788694 98.8986245018208 98.8535082149477 98.8083919280745 98.7632756412013 98.7181593543281 98.6730430674549 98.6279267805817 98.5527366082903 98.4609941424742 98.369251676658 98.2775092108419 98.1857667450257 98.0940242792096 98.0022818133934 97.9105393475773 97.7353134160993 97.4600908059715 97.1848681958436 96.9096455857158 96.634422975588 96.3592003654601 96.0839777553323 95.8087551452044
-9999 -9999 -9999 -9999 -9999 -9999 -9999 -9999 -9999 -9999 -9999 -9999 98.8261095424011 98.8603070515856 98.8945045607702 98.9287020699546 98.9628995791391 98.9970970883237 99.0312945975082 99.0654921066927 99.0984627284005 99.0835847385157 99.068706748631 99.0538287587462 99.0389507688615 99.0240727789768 99.009194789092 98.9943167992073 98.9794388093226 98.9433907013441 98.9031592766166 98.862927851889 98.8226964271615 98.782465002434 98.7422335777065 98.7020021529789 98.6617707282514 98.592017704863 98.506016359731 98.420015014599 98.3340136694671 98.2480123243351 98.1620109792031 98.0760096340711 97.9900082889391 97.8250009814111 97.5653601584854 97.3057193355598 97.0460785126341 96.7864376897085 96.5267968667828 96.2671560438572 96.0075152209316
-9999 -9999 -9999 -9999 -9999 -9999 -9999 -9999 -9999 -9999 -9999 -9999 98.8231685566113 98.843687062122 98.8642055676327 98.8847240731434 98.9052425786541 98.9257610841648 98.9462795896755 98.9667980951862 98.9867601440289 98.985020382819 98.9832806216091 98.9815408603992 98.9798010991892 98.9780613379794 98.9763215767695 98.9745818155595 98.9728420543496 98.9430406139941 98.9076940514123 98.8723474888304 98.8370009262485 98.8016543636667 98.7663078010848 98.7309612385029 98.695614675921 98.6312988014356 98.5510385769878 98.47077835254 98.3905181280922 98.3102579036444 98.2299976791966 98.1497374547488 98.069477230301 97.9146885467228 97.6706295109993 97.4265704752759 97.1825114395524 96.938452403829 96.6943933681056 96.4503343323821 96.2062752966587
-9999 -9999 -9999 -9999 -9999 -9999 -9999 -9999 -9999 -9999 -9999 -9999 98.8202275708214 98.8270670726583 98.8339065744952 98.8407460763321 98.847585578169 98.8544250800059 98.8612645818428 98.8681040836797 98.8750575596573 98.8864560271222 98.8978544945872 98.9092529620521 98.920651429517 98.9320498969819 98.9434483644469 98.9548468319118 98.9662452993767 98.9426905266442 98.912228826208 98.8817671257718 98.8513054253355 98.8208437248993 98.7903820244631 98.7599203240269 98.7294586235907 98.6705798980083 98.5960607942447 98.521541690481 98.4470225867174 98.3725034829537 98.2979843791901 98.2234652754265 98.1489461716628 98.0043761120345 97.7758988635132 97.547421614992 97.3189443664708 97.0904671179495 96.8619898694283 96.633512620907 96.4050353723858
-9999 -9999 -9999 -9999 -9999 -9999 -9999 -9999 -9999 -9999 -9999 -9999 98.8172865850315 98.8104470831946 98.8036075813577 98.7967680795208 98.7899285776839 98.783089075847 98.7762495740101 98.7694100721732 98.7633549752858 98.7878916714255 98.8124283675653 98.836965063705 98.8615017598448 98.8860384559845 98.9105751521243 98.935111848264 98.9596485444038 98.9423404392942 98.9167636010037 98.8911867627131 98.8656099244226 98.840033086132 98.8144562478415 98.7888794095509 98.7633025712604 98.709860994581 98.6410830115015 98.572305028422 98.5035270453426 98.4347490622631 98.3659710791836 98.2971930961042 98.2284151130247 98.0940636773462 97.8811682160272 97.6682727547081 97.4553772933891 97.2424818320701 97.029586370751 96.816690909432 96.6037954481129
