migration/RangeShiftR/first_test/Inputs/hab_suit_raster_ds.asc
NCOLS 106 
NROWS 143 
XLLCORNER 3653683.30105483 
YLLCORNER 2118173.56644442 
CELLSIZE 1000 
NODATA_value -9999 
[rows 23 to 45 of 143, columns 0 to 52 of 106]
-9999 -9999 -9999 -9999 -9999 -9999 -9999 -9999 -9999 -9999 -9999 -9999 98.8143455992417 98.793827093731 98.7733085882203 98.7527900827095 98.7322715771989 98.7117530716882 98.6912345661775 98.6707160606667 98.6516523909142 98.6893273157287 98.7270022405433 98.7646771653579 98.8023520901725 98.8400270149871 98.8777019398017 98.9153768646163 98.9530517894309 98.9419903519443 98.9212983757994 98.9006063996545 98.8799144235096 98.8592224473647 98.8385304712198 98.8178384950749 98.79714651893 98.7491420911536 98.6861052287583 98.623068366363 98.5600315039677 98.4969946415724 98.4339577791771 98.3709209167818 98.3078840543865 98.1837512426579 97.9864375685411 97.7891238944243 97.5918102203074 97.3944965461906 97.1971828720738 96.9998691979569 96.8025555238401
-9999 -9999 -9999 -9999 -9999 -9999 -9999 -9999 -9999 -9999 -9999 -9999 98.8114046134518 98.7772071042673 98.7430095950828 98.7088120858983 98.6746145767138 98.6404170675293 98.6062195583448 98.5720220491603 98.5399498065426 98.590762960032 98.6415761135214 98.6923892670109 98.7432024205003 98.7940155739897 98.8448287274791 98.8956418809685 98.946455034458 98.9416402645944 98.9258331505951 98.9100260365959 98.8942189225966 98.8784118085974 98.8626046945981 98.8467975805989 98.8309904665997 98.7884231877263 98.7311274460151 98.673831704304 98.6165359625929 98.5592402208818 98.5019444791706 98.4446487374595 98.3873529957484 98.2734388079697 98.091706921055 97.9099750341404 97.7282431472257 97.5465112603111 97.3647793733965 97.1830474864818 97.0013155995672
-9999 -9999 -9999 -9999 -9999 -9999 -9999 -9999 -9999 -9999 -9999 -9999 98.8084636276619 98.7605871148036 98.7127106019453 98.664834089087 98.6169575762287 98.5690810633704 98.5212045505121 98.4733280376538 98.428247222171 98.4921986043353 98.5561499864995 98.6201013686638 98.684052750828 98.7480041329923 98.8119555151565 98.8759068973208 98.939858279485 98.9412901772444 98.9303679253908 98.9194456735372 98.9085234216837 98.8976011698301 98.8866789179765 98.8757566661229 98.8648344142693 98.8277042842989 98.776149663272 98.724595042245 98.6730404212181 98.6214858001911 98.5699311791641 98.5183765581372 98.4668219371103 98.3631263732814 98.1969762735689 98.0308261738565 97.8646760741441 97.6985259744316 97.5323758747192 97.3662257750068 97.2000756752943
-9999 -9999 -9999 -9999 -9999 -9999 -9999 -9999 -9999 -9999 -9999 -9999 98.8055226418721 98.74396712534 98.6824116088079 98.6208560922757 98.5593005757436 98.4977450592115 98.4361895426794 98.3746340261473 98.3165446377995 98.3936342486385 98.4707238594776 98.5478134703167 98.6249030811558 98.7019926919949 98.779082302834 98.856171913673 98.9332615245121 98.9409400898944 98.9349027001865 98.9288653104786 98.9228279207707 98.9167905310627 98.9107531413548 98.9047157516469 98.898678361939 98.8669853808716 98.8211718805288 98.775358380186 98.7295448798432 98.6837313795004 98.6379178791577 98.5921043788149 98.5462908784721 98.4528139385931 98.3022456260829 98.1516773135726 98.0011090010624 97.8505406885522 97.6999723760419 97.5494040635317 97.3988357510215
-9999 -9999 -9999 -9999 -9999 -9999 -9999 -9999 -9999 -9999 -9999 -9999 97.7272586756874 97.7868608928351 97.8464631099827 97.9060653271304 97.9656675442781 98.0252697614257 98.0848719785734 98.1444741957211 98.2048420534279 98.2950698929418 98.3852977324557 98.4755255719696 98.5657534114835 98.6559812509974 98.7462090905114 98.8364369300253 98.9266647695392 98.9405900025445 98.9394374749822 98.93828494742 98.9371324198577 98.9359798922954 98.9348273647332 98.9336748371709 98.9325223096087 98.9062664774442 98.8661940977856 98.826121718127 98.7860493384684 98.7459769588098 98.7059045791512 98.6658321994925 98.6257598198339 98.5425015039048 98.4075149785968 98.2725284532888 98.1375419279807 98.0025554026727 97.8675688773646 97.7325823520566 97.5975958267486
-9999 -9999 -9999 -9999 -9999 -9999 -9999 -9999 -9999 -9999 -9999 -9999 97.7249287708353 97.7736942212288 97.8224596716224 97.8712251220159 97.9199905724095 97.968756022803 98.0175214731966 98.0662869235901 98.1162132261211 98.2114127620149 98.3066122979086 98.4018118338023 98.4970113696961 98.5922109055898 98.6874104414836 98.7826099773773 98.877809513271 98.8983230351571 98.9040782428979 98.9098334506387 98.9155886583795 98.9213438661204 98.9270990738612 98.932854281602 98.9386094893428 98.9184550927956 98.8840403714076 98.8496256500196 98.8152109286316 98.7807962072436 98.7463814858556 98.7119667644676 98.6775520430796 98.601153241525 98.4744658164741 98.3477783914231 98.2210909663722 98.0944035413213 97.9677161162704 97.8410286912195 97.7143412661686
-9999 -9999 -9999 -9999 -9999 -9999 -9999 -9999 -9999 -9999 -9999 -9999 97.7225988659832 97.7605275496226 97.798456233262 97.8363849169014 97.8743136005408 97.9122422841803 97.9501709678197 97.9880996514591 98.0275843988144 98.1277556310879 98.2279268633615 98.3280980956351 98.4282693279087 98.5284405601822 98.6286117924558 98.7287830247293 98.8289542570029 98.8560560677697 98.8687190108136 98.8813819538575 98.8940448969014 98.9067078399453 98.9193707829892 98.9320337260331 98.944696669077 98.9306437081469 98.9018866450295 98.8731295819121 98.8443725187947 98.8156154556774 98.78685839256 98.7581013294426 98.7293442663252 98.6598049791451 98.5414166543513 98.4230283295575 98.3046400047637 98.1862516799699 98.0678633551762 97.9494750303824 97.8310867055886
-9999 -9999 -9999 -9999 -9999 -9999 -9999 -9999 -9999 -9999 -9999 -9999 97.720268961131 97.7473608780163 97.7744527949016 97.8015447117869 97.8286366286722 97.8557285455575 97.8828204624428 97.9099123793281 97.9389555715076 98.044098500161 98.1492414288144 98.2543843574678 98.3595272861212 98.4646702147746 98.569813143428 98.6749560720814 98.7800990007348 98.8137891003823 98.8333597787293 98.8529304570763 98.8725011354232 98.8920718137702 98.9116424921172 98.9312131704642 98.9507838488112 98.9428323234982 98.9197329186514 98.8966335138047 98.8735341089579 98.8504347041112 98.8273352992644 98.8042358944176 98.7811364895709 98.7184567167652 98.6083674922285 98.4982782676919 98.3881890431552 98.2780998186186 98.1680105940819 98.0579213695452 97.9478321450086
-9999 -9999 -9999 -9999 -9999 -9999 -9999 -9999 -9999 -9999 -9999 -9999 97.7179390562789 97.7341942064101 97.7504493565412 97.7667045066724 97.7829596568036 97.7992148069348 97.815469957066 97.8317251071972 97.8503267442009 97.9604413692341 98.0705559942673 98.1806706193005 98.2907852443337 98.400899869367 98.5110144944002 98.6211291194334 98.7312437444666 98.7715221329949 98.798000546645 98.824478960295 98.8509573739451 98.8774357875952 98.9039142012452 98.9303926148953 98.9568710285454 98.9550209388495 98.9375791922734 98.9201374456972 98.9026956991211 98.8852539525449 98.8678122059688 98.8503704593926 98.8329287128165 98.7771084543853 98.6753183301058 98.5735282058262 98.4717380815467 98.3699479572672 98.2681578329877 98.1663677087081 98.0645775844286
-9999 -9999 -9999 -9999 -9999 -9999 -9999 -9999 -9999 -9999 -9999 -9999 97.7156091514267 97.7210275348038 97.7264459181809 97.7318643015579 97.737282684935 97.742701068312 97.7481194516891 97.7535378350662 97.7616979168941 97.8767842383072 97.9918705597202 98.1069568811333 98.2220432025463 98.3371295239593 98.4522158453724 98.5673021667854 98.6823884881985 98.7292551656075 98.7626413145607 98.7960274635138 98.829413612467 98.8627997614201 98.8961859103732 98.9295720593264 98.9629582082795 98.9672095542008 98.9554254658953 98.9436413775898 98.9318572892843 98.9200732009787 98.9082891126732 98.8965050243677 98.8847209360622 98.8357601920054 98.742269167983 98.6487781439606 98.5552871199382 98.4617960959158 98.3683050718934 98.274814047871 98.1813230238486
-9999 -9999 -9999 -9999 -9999 -9999 -9999 -9999 -9999 -9999 -9999 -9999 97.7132792465746 97.7078608631975 97.7024424798205 97.6970240964434 97.6916057130664 97.6861873296893 97.6807689463122 97.6753505629352 97.6730690895874 97.7931271073802 97.9131851251731 98.033243142966 98.1533011607589 98.2733591785517 98.3934171963446 98.5134752141375 98.6335332319303 98.6869881982201 98.7272820824763 98.7675759667326 98.8078698509888 98.848163735245 98.8884576195013 98.9287515037575 98.9690453880137 98.9793981695522 98.9732717395172 98.9671453094823 98.9610188794474 98.9548924494125 98.9487660193776 98.9426395893427 98.9365131593078 98.8944119296256 98.8092200058603 98.724028082095 98.6388361583297 98.5536442345644 98.4684523107992 98.3832603870339 98.2980684632686
-9999 -9999 -9999 -9999 -9999 -9999 -9999 -9999 -9999 -9999 -9999 -9999 97.7109493417225 97.6946941915913 97.6784390414601 97.6621838913289 97.6459287411977 97.6296735910666 97.6134184409354 97.5971632908042 97.5844402622806 97.7094699764533 97.834499690626 97.9595294047987 98.0845591189714 98.2095888331441 98.3346185473168 98.4596482614895 98.5846779756622 98.6447212308327 98.691922850392 98.7391244699513 98.7863260895107 98.83352770907 98.8807293286293 98.9279309481886 98.9751325677479 98.9915867849035 98.9911180131392 98.9906492413749 98.9901804696106 98.9897116978463 98.989242926082 98.9887741543177 98.9883053825534 98.9530636672457 98.8761708437375 98.7992780202294 98.7223851967212 98.645492373213 98.5685995497049 98.4917067261967 98.4148139026886
-9999 -9999 -9999 -9999 -9999 -9999 -9999 -9999 -9999 -9999 -9999 -9999 97.7086194368703 97.681527519985 97.6544356030997 97.6273436862144 97.6002517693291 97.5731598524438 97.5460679355585 97.5189760186732 97.4958114349739 97.6258128455264 97.7558142560789 97.8858156666314 98.015817077184 98.1458184877365 98.275819898289 98.4058213088415 98.535822719394 98.6024542634453 98.6565636183077 98.7106729731701 98.7647823280325 98.8188916828949 98.8730010377573 98.9271103926197 98.9812197474821 99.0037754002548 99.0089642867611 99.0141531732674 99.0193420597738 99.0245309462801 99.0297198327864 99.0349087192927 99.0400976057991 99.0117154048658 98.9431216816148 98.8745279583637 98.8059342351127 98.7373405118617 98.6687467886106 98.6001530653596 98.5315593421086
-9999 -9999 -9999 -9999 -9999 -9999 -9999 -9999 -9999 -9999 -9999 -9999 97.7062895320182 97.6683608483788 97.6304321647394 97.5925034810999 97.5545747974605 97.5166461138211 97.4787174301817 97.4407887465422 97.4071826076671 97.5421557145995 97.6771288215318 97.8121019284641 97.9470750353965 98.0820481423289 98.2170212492612 98.3519943561936 98.4869674631259 98.5601872960579 98.6212043862234 98.6822214763889 98.7432385665544 98.8042556567198 98.8652727468853 98.9262898370508 98.9873069272163 99.0159640156061 99.0268105603831 99.03765710516 99.0485036499369 99.0593501947139 99.0701967394908 99.0810432842678 99.0918898290447 99.0703671424859 99.010072519492 98.9497778964981 98.8894832735042 98.8291886505103 98.7688940275164 98.7085994045225 98.6483047815286
-9999 -9999 -9999 -9999 -9999 -9999 -9999 -9999 -9999 -9999 -9999 -9999 97.7039596271661 97.6551941767725 97.606428726379 97.5576632759854 97.5088978255919 97.4601323751984 97.4113669248048 97.3626014744112 97.3185537803603 97.4584985836725 97.5984433869847 97.7383881902969 97.8783329936091 98.0182777969212 98.1582226002334 98.2981674035456 98.4381122068578 98.5179203286705 98.5858451541391 98.6537699796077 98.7216948050762 98.7896196305448 98.8575444560133 98.9254692814819 98.9933941069504 99.0281526309575 99.044656834005 99.0611610370526 99.0776652401001 99.0941694431477 99.1106736461952 99.1271778492428 99.1436820522904 99.129018880106 99.0770233573692 99.0250278346325 98.9730323118957 98.9210367891589 98.8690412664221 98.8170457436854 98.7650502209486
-9999 -9999 -9999 -9999 -9999 -9999 -9999 -9999 -9999 -9999 -9999 -9999 93.1695757376974 93.6782561518496 94.1869365660018 94.695616980154 95.2042973943063 95.7129778084585 96.2216582226107 96.7303386367629 97.2299249530536 97.3748414527456 97.5197579524376 97.6646744521296 97.8095909518216 97.9545074515136 98.0994239512056 98.2443404508976 98.3892569505896 98.4756533612831 98.5504859220548 98.6253184828264 98.7001510435981 98.7749836043697 98.8498161651413 98.924648725913 98.9994812866846 99.0403412463088 99.062503107627 99.0846649689451 99.1068268302633 99.1289886915815 99.1511505528997 99.1733124142178 99.195474275536 99.1876706177261 99.1439741952465 99.1002777727669 99.0565813502872 99.0128849278075 98.9691885053279 98.9254920828482 98.8817956603686
-9999 -9999 -9999 -9999 -9999 -9999 -9999 -9999 -9999 -9999 -9999 -9999 93.1496909578714 93.565884023996 93.9820770901205 94.3982701562451 94.8144632223696 95.2306562884941 95.6468493546187 96.0630424207432 96.4738992615454 96.6766433147742 96.879387368003 97.0821314212319 97.2848754744607 97.4876195276895 97.6903635809184 97.8931076341472 98.095851687376 98.2196725570168 98.3278978275053 98.4361230979939 98.5443483684825 98.6525736389711 98.7607989094597 98.8690241799482 98.9772494504368 99.032109983044 99.0575992258093 99.0830884685747 99.1085777113401 99.1340669541055 99.159556196871 99.1850454396364 99.2105346824018 99.2031690095213 99.1564496464717 99.109730283422 99.0630109203724 99.0162915573227 98.9695721942731 98.9228528312235 98.8761334681738
-9999 -9999 -9999 -9999 -9999 -9999 -9999 -9999 -9999 -9999 -9999 -9999 93.1298061780455 93.4535118961424 93.7772176142392 94.1009233323361 94.424629050433 94.7483347685298 95.0720404866267 95.3957462047235 95.7178735700371 95.9784451768028 96.2390167835685 96.4995883903341 96.7601599970998 97.0207316038655 97.2813032106311 97.5418748173968 97.8024464241625 97.9636917527504 98.1053097329559 98.2469277131614 98.388545693367 98.5301636735724 98.671781653778 98.8133996339835 98.955017614189 99.0238787197791 99.0526953439917 99.0815119682044 99.110328592417 99.1391452166296 99.1679618408423 99.1967784650549 99.2255950892675 99.2186674013165 99.1689250976969 99.1191827940772 99.0694404904576 99.019698186838 98.9699558832183 98.9202135795987 98.8704712759791
-9999 -9999 -9999 -9999 -9999 -9999 -9999 -9999 -9999 -9999 -9999 -9999 93.1099213982195 93.3411397682887 93.5723581383579 93.8035765084271 94.0347948784963 94.2660132485655 94.4972316186347 94.7284499887039 94.9618478785289 95.2802470388314 95.5986461991339 95.9170453594364 96.2354445197389 96.5538436800414 96.8722428403439 97.1906420006463 97.5090411609489 97.707710948484 97.8827216384065 98.0577323283289 98.2327430182514 98.4077537081738 98.5827643980963 98.7577750880187 98.9327857779412 99.0156474565143 99.0477914621741 99.079935467834 99.1120794734938 99.1442234791537 99.1763674848136 99.2085114904735 99.2406554961333 99.2341657931117 99.181400548922 99.1286353047324 99.0758700605428 99.0231048163532 98.9703395721635 98.9175743279739 98.8648090837843
-9999 -9999 -9999 -9999 -9999 -9999 -9999 -9999 -9999 -9999 -9999 -9999 93.0900366183936 93.2287676404351 93.3674986624766 93.5062296845181 93.6449607065596 93.7836917286012 93.9224227506427 94.0611537726842 94.2058221870207 94.58204890086 94.9582756146993 95.3345023285386 95.710729042378 96.0869557562173 96.4631824700566 96.839409183896 97.2156358977353 97.4517301442176 97.660133543857 97.8685369434964 98.0769403431358 98.2853437427752 98.4937471424146 98.702150542054 98.9105539416934 99.0074161932494 99.0428875803565 99.0783589674636 99.1138303545707 99.1493017416778 99.1847731287849 99.220244515892 99.2557159029991 99.2496641849068 99.1938760001472 99.1380878153876 99.082299630628 99.0265114458684 98.9707232611087 98.9149350763491 98.8591468915895
-9999 -9999 -9999 -9999 -9999 -9999 -9999 -9999 -9999 -9999 -9999 -9999 93.0701518385676 93.1163955125815 93.1626391865953 93.2088828606092 93.255126534623 93.3013702086368 93.3476138826507 93.3938575566645 93.4497964955124 93.8838507628886 94.3179050302647 94.7519592976409 95.186013565017 95.6200678323932 96.0541220997694 96.4881763671455 96.9222306345217 97.1957493399513 97.4375454493076 97.6793415586639 97.9211376680202 98.1629337773766 98.4047298867329 98.6465259960892 98.8883221054455 98.9991849299846 99.0379836985389 99.0767824670932 99.1155812356476 99.1543800042019 99.1931787727562 99.2319775413105 99.2707763098649 99.265162576702 99.2063514513724 99.1475403260428 99.0887292007132 99.0299180753836 98.971106950054 98.9122958247244 98.8534846993947
-9999 -9999 -9999 -9999 -9999 -9999 -9999 -9999 -9999 -9999 -9999 -9999 93.0502670587417 93.0040233847279 92.957779710714 92.9115360367002 92.8652923626864 92.8190486886725 92.7728050146587 92.7265613406448 92.6937708040042 93.1856526249172 93.6775344458302 94.1694162667432 94.6612980876561 95.1531799085691 95.6450617294821 96.1369435503951 96.6288253713081 96.9397685356849 97.2149573547582 97.4901461738314 97.7653349929047 98.0405238119779 98.3157126310512 98.5909014501245 98.8660902691977 98.9909536667197 99.0330798167213 99.0752059667228 99.1173321167244 99.1594582667259 99.2015844167275 99.2437105667291 99.2858367167306 99.2806609684972 99.2188269025976 99.156992836698 99.0951587707984 99.0333247048988 98.9714906389992 98.9096565730996 98.8478225072
-9999 -9999 -9999 -9999 -9999 -9999 -9999 -9999 -9999 -9999 -9999 -9999 93.0303822789157 92.8916512568742 92.7529202348327 92.6141892127912 92.4754581907497 92.3367271687082 92.1979961466667 92.0592651246251 91.9377451124959 92.4874544869458 93.0371638613956 93.5868732358454 94.1365826102952 94.6862919847451 95.2360013591949 95.7857107336447 96.3354201080945 96.6837877314185 96.9923692602087 97.3009507889989 97.6095323177891 97.9181138465793 98.2266953753695 98.5352769041597 98.8438584329499 98.9827224034549 99.0281759349037 99.0736294663525 99.1190829978013 99.16453652925 99.2099900606988 99.2554435921476 99.3008971235964 99.2961593602924 99.2313023538227 99.1664453473532 99.1015883408836 99.036731334414 98.9718743279444 98.9070173214748 98.8421603150052
