migration/RangeShiftR/first_test/Inputs/hab_suit_raster_ds.asc
NCOLS 106 
NROWS 143 
XLLCORNER 3653683.30105483 
YLLCORNER 2118173.56644442 
CELLSIZE 1000 
NODATA_value -9999 
[rows 46 to 68 of 143, columns 0 to 52 of 106]
-9999 -9999 -9999 -9999 -9999 -9999 -9999 -9999 -9999 -9999 -9999 -9999 93.0104974990898 92.7792791290206 92.5480607589514 92.3168423888822 92.085624018813 91.8544056487439 91.6231872786746 91.3919689086055 91.1817194209877 91.7892563489743 92.396793276961 93.0043302049477 93.6118671329343 94.219404060921 94.8269409889076 95.4344779168943 96.0420148448809 96.4278069271522 96.7697811656593 97.1117554041664 97.4537296426736 97.7957038811807 98.1376781196878 98.4796523581949 98.8216265967021 98.9744911401901 99.0232720530861 99.0720529659821 99.1208338788781 99.1696147917741 99.2183957046701 99.2671766175662 99.3159575304622 99.3116577520875 99.2437778050479 99.1758978580083 99.1080179109688 99.0401379639292 98.9722580168896 98.90437806985 98.8364981228104
-9999 -9999 -9999 -9999 -9999 -9999 -9999 -9999 -9999 -9999 -9999 -9999 92.9906127192638 92.666907001167 92.3432012830701 92.0194955649733 91.6957898468764 91.3720841287795 91.0483784106827 90.7246726925858 90.4256937294795 91.0910582110029 91.7564226925264 92.4217871740499 93.0871516555734 93.7525161370969 94.4178806186204 95.0832451001439 95.7486095816673 96.1718261228858 96.5471930711099 96.9225600193339 97.297926967558 97.6732939157821 98.0486608640061 98.4240278122302 98.7993947604543 98.9662598769252 99.0183681712685 99.0704764656117 99.122584759955 99.1746930542982 99.2268013486414 99.2789096429847 99.3310179373279 99.3271561438827 99.2562532562731 99.1853503686635 99.114447481054 99.0435445934444 98.9726417058348 98.9017388182252 98.8308359306157
-9999 -9999 -9999 -9999 -9999 -9999 -9999 -9999 -9999 -9999 -9999 -9999 92.9707279394379 92.5545348733134 92.1383418071888 91.7221487410643 91.3059556749398 90.8897626088152 90.4735695426907 90.0573764765661 89.6696680379712 90.3928600730315 91.1160521080918 91.8392441431522 92.5624361782125 93.2856282132728 94.0088202483331 94.7320122833934 95.4552043184538 95.9158453186194 96.3246049765605 96.7333646345014 97.1421242924424 97.5508839503834 97.9596436083245 98.3684032662654 98.7771629242065 98.9580286136604 99.0134642894508 99.0688999652413 99.1243356410318 99.1797713168223 99.2352069926128 99.2906426684032 99.3460783441937 99.3426545356778 99.2687287074983 99.1948028793187 99.1208770511392 99.0469512229596 98.97302539478 98.8990995666005 98.8251737384209
-9999 -9999 -9999 -9999 -9999 -9999 -9999 -9999 -9999 -9999 -9999 -9999 80.6707687532033 81.701909581234 82.7330504092647 83.7641912372954 84.7953320653261 85.8264728933568 86.8576137213874 87.8887545494181 88.913642346463 89.6946619350601 90.4756815236573 91.2567011122544 92.0377207008516 92.8187402894487 93.5997598780459 94.380779466643 95.1617990552402 95.6598645143531 96.102016882011 96.5441692496689 96.9863216173269 97.4284739849848 97.8706263526428 98.3127787203007 98.7549310879586 98.9497973503955 99.0085604076332 99.067323464871 99.1260865221087 99.1848495793464 99.2436126365841 99.3023756938218 99.3611387510595 99.358152927473 99.2812041587235 99.2042553899739 99.1273066212243 99.0503578524748 98.9734090837252 98.8964603149757 98.8195115462261
-9999 -9999 -9999 -9999 -9999 -9999 -9999 -9999 -9999 -9999 -9999 -9999 80.6304605208348 81.4741211983145 82.3177818757942 83.1614425532738 84.0051032307534 84.8487639082331 85.6924245857128 86.5360852631924 87.3815835544317 88.2987487822953 89.215914010159 90.1330792380227 91.0502444658864 91.9674096937501 92.8845749216137 93.8017401494774 94.7189053773411 95.2758094516749 95.7615241962692 96.2472389408636 96.7329536854579 97.2186684300523 97.7043831746466 98.190097919241 98.6758126638353 98.889317439036 98.95300122333 99.016685007624 99.080368791918 99.1440525762121 99.2077363605061 99.2714201448001 99.3351039290941 99.3363376453391 99.2627685328221 99.189199420305 99.115630307788 99.042061195271 98.9684920827539 98.8949229702369 98.8213538577199
-9999 -9999 -9999 -9999 -9999 -9999 -9999 -9999 -9999 -9999 -9999 -9999 80.5901522884664 81.246332815395 81.9025133423236 82.5586938692522 83.2148743961808 83.8710549231095 84.5272354500381 85.1834159769667 85.8495247624004 86.9028356295306 87.9561464966608 89.009457363791 90.0627682309212 91.1160790980514 92.1693899651816 93.2227008323118 94.276011699442 94.8917543889967 95.4210315105275 95.9503086320582 96.479585753589 97.0088628751197 97.5381399966505 98.0674171181813 98.596694239712 98.8288375276764 98.8974420390268 98.9660465503771 99.0346510617274 99.1032555730777 99.1718600844281 99.2404645957784 99.3090691071287 99.3145223632052 99.2443329069207 99.1741434506362 99.1039539943517 99.0337645380672 98.9635750817826 98.8933856254981 98.8231961692136
-9999 -9999 -9999 -9999 -9999 -9999 -9999 -9999 -9999 -9999 -9999 -9999 80.5498440560979 81.0185444324755 81.4872448088531 81.9559451852307 82.4246455616082 82.8933459379858 83.3620463143634 83.830746690741 84.3174659703691 85.5069224767658 86.6963789831625 87.8858354895593 89.075291995956 90.2647485023528 91.4542050087495 92.6436615151462 93.833118021543 94.5076993263185 95.0805388247857 95.6533783232529 96.22621782172 96.7990573201872 97.3718968186544 97.9447363171216 98.5175758155887 98.7683576163169 98.8418828547235 98.9154080931301 98.9889333315368 99.0624585699434 99.1359838083501 99.2095090467567 99.2830342851634 99.2927070810713 99.2258972810193 99.1590874809673 99.0922776809154 99.0254678808633 98.9586580808113 98.8918482807593 98.8250384807073
-9999 -9999 -9999 -9999 -9999 -9999 -9999 -9999 -9999 -9999 -9999 -9999 80.5095358237294 80.790756049556 81.0719762753825 81.3531965012091 81.6344167270356 81.9156369528622 82.1968571786887 82.4780774045153 82.7854071783377 84.111009324001 85.4366114696643 86.7622136153276 88.0878157609908 89.4134179066541 90.7390200523174 92.0646221979806 93.3902243436439 94.1236442636403 94.7400461390439 95.3564480144475 95.9728498898511 96.5892517652547 97.2056536406583 97.8220555160619 98.4384573914654 98.7078777049573 98.7863236704203 98.8647696358832 98.9432156013462 99.0216615668091 99.1001075322721 99.178553497735 99.256999463198 99.2708917989375 99.207461655118 99.1440315112985 99.080601367479 99.0171712236595 98.95374107984 98.8903109360205 98.8268807922011
-9999 -9999 -9999 -9999 -9999 -9999 -9999 -9999 -9999 -9999 -9999 -9999 80.4692275913609 80.5629676666365 80.656707741912 80.7504478171875 80.844187892463 80.9379279677385 81.0316680430141 81.1254081182896 81.2533483863064 82.7150961712362 84.1768439561661 85.6385917410959 87.1003395260256 88.5620873109554 90.0238350958852 91.485582880815 92.9473306657449 93.7395892009622 94.3995534533022 95.0595177056422 95.7194819579821 96.3794462103222 97.0394104626621 97.6993747150021 98.3593389673421 98.6473977935978 98.730764486117 98.8141311786363 98.8974978711556 98.9808645636748 99.0642312561941 99.1475979487134 99.2309646412326 99.2490765168036 99.1890260292166 99.1289755416296 99.0689250540427 99.0088745664557 98.9488240788687 98.8887735912818 98.8287231036948
-9999 -9999 -9999 -9999 -9999 -9999 -9999 -9999 -9999 -9999 -9999 -9999 80.4289193589925 80.335179283717 80.2414392084414 80.1476991331659 80.0539590578904 79.9602189826149 79.8664789073394 79.7727388320639 79.7212895942751 81.3191830184715 82.9170764426678 84.5149698668641 86.1128632910604 87.7107567152568 89.3086501394531 90.9065435636494 92.5044369878458 93.355534138284 94.0590607675604 94.7625873968368 95.4661140261132 96.1696406553896 96.873167284666 97.5766939139424 98.2802205432188 98.5869178822382 98.6752053018138 98.7634927213893 98.8517801409649 98.9400675605405 99.0283549801161 99.1166423996917 99.2049298192672 99.2272612346697 99.1705904033152 99.1139195719608 99.0572487406063 99.0005779092519 98.9439070778974 98.887236246543 98.8305654151886
-9999 -9999 -9999 -9999 -9999 -9999 -9999 -9999 -9999 -9999 -9999 -9999 80.388611126624 80.1073909007975 79.8261706749709 79.5449504491444 79.2637302233178 78.9825099974913 78.7012897716647 78.4200695458381 78.1892308022438 79.9232698657067 81.6573089291696 83.3913479926324 85.1253870560953 86.8594261195581 88.593465183021 90.3275042464839 92.0615433099467 92.9714790756058 93.7185680818186 94.4656570880314 95.2127460942442 95.9598351004571 96.7069241066699 97.4540131128827 98.2011021190955 98.5264379708786 98.6196461175106 98.7128542641424 98.8060624107743 98.8992705574062 98.9924787040381 99.08568685067 99.1788949973019 99.2054459525358 99.1521547774139 99.0988636022919 99.04557242717 98.9922812520481 98.9389900769261 98.8856989018042 98.8324077266823
-9999 -9999 -9999 -9999 -9999 -9999 -9999 -9999 -9999 -9999 -9999 -9999 80.3483028942555 79.8796025178779 79.4109021415004 78.9422017651228 78.4735013887452 78.0048010123676 77.53610063599 77.0674002596124 76.6571720102125 78.5273567129419 80.3975414156713 82.2677261184007 84.1379108211301 86.0080955238595 87.8782802265889 89.7484649293183 91.6186496320477 92.5874240129276 93.3780753960768 94.1687267792261 94.9593781623753 95.7500295455245 96.5406809286738 97.331332311823 98.1219836949722 98.4659580595191 98.5640869332073 98.6622158068955 98.7603446805837 98.8584735542719 98.9566024279601 99.0547313016483 99.1528601753365 99.1836306704019 99.1337191515125 99.0838076326231 99.0338961137337 98.9839845948443 98.9340730759548 98.8841615570654 98.834250038176
-9999 -9999 -9999 -9999 -9999 -9999 -9999 -9999 -9999 -9999 -9999 -9999 80.3079946618871 79.6518141349584 78.9956336080298 78.3394530811012 77.6832725541726 77.027092027244 76.3709115003153 75.7147309733867 75.1251132181812 77.1314435601771 79.1377739021731 81.144104244169 83.1504345861649 85.1567649281608 87.1630952701568 89.1694256121527 91.1757559541486 92.2033689502494 93.0375827103351 93.8717964704207 94.7060102305064 95.540223990592 96.3744377506776 97.2086515107633 98.0428652708489 98.4054781481596 98.5085277489041 98.6115773496486 98.7146269503931 98.8176765511376 98.9207261518821 99.0237757526266 99.1268253533711 99.161815388268 99.1152835256111 99.0687516629542 99.0222198002973 98.9756879376404 98.9291560749835 98.8826242123266 98.8360923496697
-9999 -9999 -9999 -9999 -9999 -9999 -9999 -9999 -9999 -9999 -9999 -9999 80.2676864295186 79.4240257520389 78.5803650745593 77.7367043970796 76.8930437196 76.0493830421203 75.2057223646407 74.362061687161 73.5930544261499 75.7355304074123 77.8780063886748 80.0204823699373 82.1629583511997 84.3054343324622 86.4479103137246 88.5903862949871 90.7328622762495 91.8193138875713 92.6970900245933 93.5748661616154 94.4526422986374 95.3304184356595 96.2081945726815 97.0859707097036 97.9637468467256 98.3449982368 98.4529685646008 98.5609388924016 98.6689092202025 98.7768795480033 98.8848498758041 98.9928202036049 99.1007905314058 99.1400001061341 99.0968478997097 99.0536956932854 99.010543486861 98.9673912804366 98.9242390740122 98.8810868675879 98.8379346611635
-9999 -9999 -9999 -9999 -9999 -9999 -9999 -9999 -9999 -9999 -9999 -9999 75.0180434419899 74.6401107337285 74.2621780254671 73.8842453172057 73.5063126089443 73.128379900683 72.7504471924216 72.3725144841602 72.0609956341186 74.3396172546476 76.6182388751766 78.8968604957055 81.1754821162345 83.4541037367635 85.7327253572925 88.0113469778215 90.2899685983505 91.4352588248931 92.3565973388515 93.27793585281 94.1992743667685 95.1206128807269 96.0419513946854 96.9632899086439 97.8846284226023 98.2845183254404 98.3974093802976 98.5103004351547 98.6231914900118 98.736082544869 98.8489735997261 98.9618646545833 99.0747557094404 99.1181848240002 99.0784122738084 99.0386397236165 98.9988671734247 98.9590946232328 98.9193220730409 98.8795495228491 98.8397769726572
-9999 -9999 -9999 -9999 -9999 -9999 -9999 -9999 -9999 -9999 -9999 -9999 75.032817175131 74.7235995047353 74.4143818343396 74.105164163944 73.7959464935483 73.4867288231526 73.1775111527569 72.8682934823613 72.619600751404 74.7313806585417 76.8431605656795 78.9549404728173 81.0667203799551 83.1785002870929 85.2902801942307 87.4020601013685 89.5138400085063 90.6333665845887 91.5568191491452 92.4802717137017 93.4037242782582 94.3271768428147 95.2506294073712 96.1740819719276 97.0975345364841 97.530355209466 97.6931381746821 97.8559211398981 98.0187041051142 98.1814870703302 98.3442700355462 98.5070530007623 98.6698359659783 98.7601662532074 98.7637125635072 98.767258873807 98.7708051841068 98.7743514944065 98.7778978047063 98.7814441150061 98.7849904253058
-9999 -9999 -9999 -9999 -9999 -9999 -9999 -9999 -9999 -9999 -9999 -9999 75.0475909082721 74.8070882757421 74.5665856432122 74.3260830106822 74.0855803781522 73.8450777456223 73.6045751130923 73.3640724805623 73.1782058686893 75.1231440624359 77.0680822561825 79.0130204499291 80.9579586436757 82.9028968374223 84.8478350311689 86.7927732249155 88.7377114186621 89.8314743442843 90.7570409594389 91.6826075745934 92.6081741897479 93.5337408049024 94.4593074200569 95.3848740352114 96.3104406503659 96.7761920934916 96.9888669690666 97.2015418446415 97.4142167202164 97.6268915957914 97.8395664713663 98.0522413469413 98.2649162225162 98.4021476824147 98.4490128532061 98.4958780239975 98.5427431947889 98.5896083655803 98.6364735363717 98.6833387071631 98.7302038779545
-9999 -9999 -9999 -9999 -9999 -9999 -9999 -9999 -9999 -9999 -9999 -9999 75.0623646414133 74.890577046749 74.7187894520847 74.5470018574205 74.3752142627562 74.2034266680919 74.0316390734277 73.8598514787634 73.7368109859746 75.51490746633 77.2930039466855 79.0711004270409 80.8491969073963 82.6272933877517 84.4053898681071 86.1834863484625 87.961582828818 89.02958210398 89.9572627697325 90.884943435485 91.8126241012376 92.7403047669901 93.6679854327427 94.5956660984952 95.5233467642477 96.0220289775172 96.2845957634511 96.5471625493849 96.8097293353188 97.0722961212526 97.3348629071865 97.5974296931203 97.8599964790541 98.0441291116219 98.1343131429049 98.2244971741879 98.314681205471 98.404865236754 98.495049268037 98.5852332993201 98.6754173306031
-9999 -9999 -9999 -9999 -9999 -9999 -9999 -9999 -9999 -9999 -9999 -9999 75.0771383745544 74.9740658177558 74.8709932609572 74.7679207041587 74.6648481473601 74.5617755905616 74.458703033763 74.3556304769645 74.29541610326 75.9066708702242 77.5179256371884 79.1291804041526 80.7404351711169 82.3516899380811 83.9629447050453 85.5741994720096 87.1854542389738 88.2276898636756 89.1574845800261 90.0872792963767 91.0170740127273 91.9468687290778 92.8766634454284 93.806458161779 94.7362528781295 95.2678658615428 95.5803245578356 95.8927832541283 96.2052419504211 96.5177006467138 96.8301593430066 97.1426180392993 97.4550767355921 97.6861105408291 97.8196134326038 97.9531163243784 98.0866192161531 98.2201221079277 98.3536249997024 98.487127891477 98.6206307832517
-9999 -9999 -9999 -9999 -9999 -9999 -9999 -9999 -9999 -9999 -9999 -9999 75.0919121076955 75.0575545887626 75.0231970698298 74.9888395508969 74.9544820319641 74.9201245130312 74.8857669940984 74.8514094751655 74.8540212205453 76.2984342741183 77.7428473276914 79.1872603812644 80.6316734348375 82.0760864884105 83.5204995419835 84.9649125955566 86.4093256491296 87.4257976233712 88.3577063903198 89.2896151572684 90.221523924217 91.1534326911656 92.0853414581142 93.0172502250628 93.9491589920113 94.5137027455684 94.8760533522201 95.2384039588717 95.6007545655234 95.963105172175 96.3254557788267 96.6878063854783 97.05015699213 97.3280919700363 97.5049137223026 97.6817354745689 97.8585572268352 98.0353789791015 98.2122007313677 98.389022483634 98.5658442359003
-9999 -9999 -9999 -9999 -9999 -9999 -9999 -9999 -9999 -9999 -9999 -9999 75.1066858408366 75.1410433597695 75.1754008787023 75.2097583976352 75.244115916568 75.2784734355009 75.3128309544337 75.3471884733666 75.4126263378307 76.6901976780125 77.9677690181944 79.2453403583762 80.522911698558 81.8004830387399 83.0780543789217 84.3556257191036 85.6331970592854 86.6239053830669 87.5579282006135 88.4919510181601 89.4259738357067 90.3599966532533 91.2940194707999 92.2280422883465 93.1620651058931 93.759539629594 94.1717821466046 94.5840246636151 94.9962671806257 95.4085096976362 95.8207522146468 96.2329947316574 96.6452372486679 96.9700733992435 97.1902140120014 97.4103546247594 97.6304952375173 97.8506358502752 98.0707764630331 98.290917075791 98.511057688549
-9999 -9999 -9999 -9999 -9999 -9999 -9999 -9999 -9999 -9999 -9999 -9999 75.1214595739777 75.2245321307763 75.3276046875749 75.4306772443734 75.533749801172 75.6368223579705 75.7398949147691 75.8429674715676 75.971231455116 77.0819610819067 78.1926907086973 79.303420335488 80.4141499622786 81.5248795890693 82.6356092158599 83.7463388426506 84.8570684694413 85.8220131427625 86.7581500109071 87.6942868790518 88.6304237471964 89.566560615341 90.5026974834857 91.4388343516303 92.374971219775 93.0053765136196 93.4675109409891 93.9296453683585 94.391779795728 94.8539142230974 95.3160486504669 95.7781830778364 96.2403175052058 96.6120548284507 96.8755143017003 97.1389737749498 97.4024332481994 97.6658927214489 97.9293521946985 98.192811667948 98.4562711411976
-9999 -9999 -9999 -9999 -9999 -9999 -9999 -9999 -9999 -9999 -9999 -9999 75.1362333071189 75.3080209017832 75.4798084964474 75.6515960911117 75.8233836857759 75.9951712804402 76.1669588751045 76.3387464697687 76.5298365724014 77.4737244858008 78.4176123992003 79.3615003125997 80.3053882259992 81.2492761393987 82.1931640527981 83.1370519661976 84.0809398795971 85.0201209024581 85.9583718212008 86.8966227399434 87.8348736586861 88.7731245774288 89.7113754961714 90.6496264149141 91.5878773336567 92.2512133976452 92.7632397353735 93.2752660731019 93.7872924108303 94.2993187485587 94.811345086287 95.3233714240154 95.8353977617437 96.2540362576579 96.5608145913991 96.8675929251403 97.1743712588815 97.4811495926227 97.7879279263638 98.094706260105 98.4014845938462
