migration/RangeShiftR/first_test/Inputs/hab_suit_raster_ds.asc
NCOLS 106 
NROWS 143 
XLLCORNER 3653683.30105483 
YLLCORNER 2118173.56644442 
CELLSIZE 1000 
NODATA_value -9999 
[rows 92 to 114 of 143, columns 0 to 52 of 106]
87.8428553493686 88.0214716341426 88.2000879189166 88.3787042036906 88.5573204884647 88.7359367732387 88.9145530580127 89.0931693427867 89.2717856275607 89.4504019123348 89.6290181971088 89.8076344818828 89.907692168322 89.720919623632 89.5341470789419 89.3473745342518 89.1606019895618 88.9738294448717 88.7870569001817 88.6002843554916 88.4251320668573 88.7031697643985 88.9812074619397 89.2592451594808 89.537282857022 89.8153205545632 90.0933582521044 90.3713959496455 90.6494336471867 90.8897420525544 91.1225949690494 91.3554478855444 91.5883008020395 91.8211537185345 92.0540066350296 92.2868595515246 92.5197124680196 92.5578008321982 92.4886932024661 92.419585572734 92.3504779430019 92.2813703132698 92.2122626835377 92.1431550538056 92.0740474240735 92.0240314027884 91.9968833520607 91.9697353013329 91.9425872506052 91.9154391998774 91.8882911491497 91.8611430984219 91.8339950476942
95.8826159452641 95.4066137355445 94.930611525825 94.4546093161054 93.9786071063858 93.5026048966663 93.0266026869467 92.5506004772272 92.0745982675076 91.5985960577881 91.1225938480685 90.6465916383489 90.246223507972 90.1220077137996 89.9977919196272 89.8735761254547 89.7493603312823 89.6251445371099 89.5009287429374 89.376712948765 89.2630453957232 89.5607592467755 89.8584730978278 90.1561869488801 90.4539007999324 90.7516146509847 91.049328502037 91.3470423530893 91.6447562041416 91.8317987588628 91.9969721352671 92.1621455116714 92.3273188880757 92.49249226448 92.6576656408843 92.8228390172886 92.9880123936929 92.9547765010244 92.8123386075485 92.6699007140725 92.5274628205966 92.3850249271206 92.2425870336447 92.1001491401687 91.9577112466928 91.8537148185616 91.7957636621071 91.7378125056526 91.679861349198 91.6219101927436 91.563959036289 91.5060078798345 91.44805672338
95.5714835918201 95.1820272384132 94.7925708850063 94.4031145315994 94.0136581781925 93.6242018247856 93.2347454713787 92.8452891179717 92.4558327645648 92.0663764111579 91.676920057751 91.2874637043441 90.9552723281295 90.8321647058496 90.7090570835697 90.5859494612898 90.4628418390099 90.33973421673 90.2166265944502 90.0935189721702 89.9800922933483 90.2442224093867 90.5083525254251 90.7724826414635 91.0366127575019 91.3007428735403 91.5648729895787 91.8290031056171 92.0931332216555 92.242806755408 92.3698631202057 92.4969194850035 92.6239758498012 92.7510322145989 92.8780885793967 93.0051449441944 93.1322013089921 93.0687379077797 92.9004147903911 92.7320916730025 92.5637685556139 92.3954454382253 92.2271223208367 92.0587992034481 91.8904760860595 91.7701919091745 91.7074488808047 91.644705852435 91.5819628240652 91.5192197956955 91.4564767673257 91.393733738956 91.3309907105862
95.2603512383761 94.9574407412819 94.6545302441876 94.3516197470934 94.0487092499991 93.7457987529048 93.4428882558106 93.1399777587163 92.837067261622 92.5341567645278 92.2312462674335 91.9283357703392 91.664321148287 91.5423216978996 91.4203222475123 91.2983227971249 91.1763233467376 91.0543238963502 90.9323244459629 90.8103249955755 90.6971391909735 90.927685571998 91.1582319530225 91.388778334047 91.6193247150715 91.849871096096 92.0804174771205 92.310963858145 92.5415102391695 92.6538147519531 92.7427541051443 92.8316934583355 92.9206328115267 93.0095721647178 93.098511517909 93.1874508711002 93.2763902242913 93.1826993145349 92.9884909732337 92.7942826319324 92.6000742906312 92.40586594933 92.2116576080287 92.0174492667275 91.8232409254262 91.6866689997874 91.6191340995024 91.5515991992174 91.4840642989324 91.4165293986474 91.3489944983624 91.2814595980774 91.2139246977924
94.9492188849322 94.7328542441506 94.516489603369 94.3001249625873 94.0837603218057 93.8673956810241 93.6510310402425 93.4346663994609 93.2183017586793 93.0019371178976 92.785572477116 92.5692078363344 92.3733699684444 92.2524786899496 92.1315874114548 92.01069613296 91.8898048544652 91.7689135759704 91.6480222974756 91.5271310189808 91.4141860885986 91.6111487346092 91.8081113806198 92.0050740266304 92.202036672641 92.3989993186516 92.5959619646622 92.7929246106728 92.9898872566834 93.0648227484983 93.1156450900829 93.1664674316675 93.2172897732521 93.2681121148367 93.3189344564213 93.3697567980059 93.4205791395905 93.2966607212901 93.0765671560763 92.8564735908624 92.6363800256485 92.4162864604346 92.1961928952207 91.9760993300069 91.756005764793 91.6031460904003 91.5308193182001 91.4584925459998 91.3861657737996 91.3138390015993 91.2415122293991 91.1691854571988 91.0968586849986
94.6380865314882 94.5082677470192 94.3784489625503 94.2486301780813 94.1188113936123 93.9889926091434 93.8591738246744 93.7293550402054 93.5995362557365 93.4697174712675 93.3398986867985 93.2100799023295 93.0824187886019 92.9626356819996 92.8428525753974 92.7230694687951 92.6032863621928 92.4835032555906 92.3637201489883 92.243937042386 92.1312329862237 92.2946118972205 92.4579908082172 92.6213697192139 92.7847486302106 92.9481275412073 93.111506452204 93.2748853632007 93.4382642741974 93.4758307450435 93.4885360750216 93.5012414049996 93.5139467349776 93.5266520649557 93.5393573949337 93.5520627249117 93.5647680548898 93.4106221280453 93.1646433389188 92.9186645497923 92.6726857606658 92.4267069715393 92.1807281824128 91.9347493932862 91.6887706041597 91.5196231810132 91.4425045368977 91.3653858927822 91.2882672486667 91.2111486045512 91.1340299604357 91.0569113163202 90.9797926722048
94.3269541780443 94.2836812498879 94.2404083217316 94.1971353935753 94.153862465419 94.1105895372626 94.0673166091063 94.02404368095 93.9807707527937 93.9374978246373 93.894224896481 93.8509519683247 93.7914676087594 93.6727926740497 93.5541177393399 93.4354428046302 93.3167678699205 93.1980929352108 93.079418000501 92.9607430657913 92.8482798838489 92.9780750598317 93.1078702358145 93.2376654117973 93.3674605877801 93.4972557637629 93.6270509397457 93.7568461157285 93.8866412917114 93.8868387415887 93.8614270599601 93.8360153783316 93.8106036967031 93.7851920150746 93.7597803334461 93.7343686518175 93.708956970189 93.5245835348006 93.2527195217614 92.9808555087223 92.7089914956831 92.4371274826439 92.1652634696048 91.8933994565656 91.6215354435265 91.4361002716261 91.3541897555954 91.2722792395647 91.1903687235339 91.1084582075031 91.0265476914724 90.9446371754417 90.8627266594109
94.0158218246003 94.0590947527566 94.102367680913 94.1456406090693 94.1889135372256 94.2321864653819 94.2754593935382 94.3187323216946 94.3620052498509 94.4052781780072 94.4485511061635 94.4918240343198 94.5005164289169 94.3829496660997 94.2653829032825 94.1478161404653 94.0302493776481 93.9126826148309 93.7951158520138 93.6775490891965 93.565326781474 93.6615382224429 93.7577496634118 93.8539611043807 93.9501725453497 94.0463839863186 94.1425954272875 94.2388068682564 94.3350183092253 94.2978467381339 94.2343180448988 94.1707893516637 94.1072606584286 94.0437319651935 93.9802032719584 93.9166745787233 93.8531458854882 93.6385449415558 93.340795704604 93.0430464676522 92.7452972307004 92.4475479937486 92.1497987567968 91.852049519845 91.5543002828932 91.352577362239 91.2658749742931 91.1791725863471 91.0924701984011 91.0057678104551 90.9190654225091 90.8323630345631 90.7456606466171
93.7046894711563 93.8345082556253 93.9643270400943 94.0941458245632 94.2239646090322 94.3537833935012 94.4836021779702 94.6134209624391 94.7432397469081 94.8730585313771 95.002877315846 95.132696100315 95.2095652490743 95.0931066581497 94.976648067225 94.8601894763004 94.7437308853758 94.6272722944511 94.5108137035265 94.3943551126018 94.2823736790991 94.3450013850542 94.4076290910092 94.4702567969642 94.5328845029192 94.5955122088742 94.6581399148292 94.7207676207842 94.7833953267393 94.7088547346791 94.6072090298374 94.5055633249957 94.4039176201541 94.3022719153124 94.2006262104707 94.0989805056291 93.9973348007874 93.7525063483111 93.4288718874466 93.1052374265821 92.7816029657177 92.4579685048533 92.1343340439888 91.8106995831244 91.4870651222599 91.2690544528519 91.1775601929907 91.0860659331295 90.9945716732682 90.903077413407 90.8115831535458 90.7200888936845 90.6285946338233
93.3935571177124 93.609921758494 93.8262863992756 94.0426510400572 94.2590156808388 94.4753803216204 94.6917449624021 94.9081096031837 95.1244742439653 95.3408388847469 95.5572035255285 95.7735681663102 95.9186140692318 95.8032636501997 95.6879132311676 95.5725628121355 95.4572123931034 95.3418619740713 95.2265115550392 95.1111611360071 94.9994205767243 95.0284645476654 95.0575085186065 95.0865524895476 95.1155964604887 95.1446404314299 95.173684402371 95.2027283733121 95.2317723442532 95.1198627312242 94.980100014776 94.8403372983278 94.7005745818795 94.5608118654313 94.4210491489831 94.2812864325348 94.1415237160866 93.8664677550663 93.5169480702892 93.1674283855121 92.817908700735 92.4683890159579 92.1188693311808 91.7693496464038 91.4198299616267 91.1855315434649 91.0892454116884 90.9929592799119 90.8966731481354 90.8003870163589 90.7041008845824 90.6078147528059 90.5115286210295
93.0824247642684 93.3853352613627 93.6882457584569 93.9911562555512 94.2940667526454 94.5969772497397 94.899887746834 95.2027982439283 95.5057087410225 95.8086192381168 96.111529735211 96.4144402323053 96.6276628893893 96.5134206422497 96.3991783951102 96.2849361479706 96.170693900831 96.0564516536915 95.9422094065519 95.8279671594123 95.7164674743494 95.7119277102767 95.7073879462039 95.7028481821311 95.6983084180583 95.6937686539855 95.6892288899127 95.6846891258399 95.6801493617672 95.5308707277694 95.3529909997146 95.1751112716598 94.997231543605 94.8193518155502 94.6414720874954 94.4635923594406 94.2857126313858 93.9804291618215 93.6050242531318 93.2296193444421 92.8542144357523 92.4788095270626 92.1034046183729 91.7279997096831 91.3525948009934 91.1020086340778 91.000930630386 90.8998526266943 90.7987746230026 90.6976966193108 90.5966186156191 90.4955406119274 90.3944626082356
92.7712924108244 93.1607487642313 93.5502051176382 93.9396614710452 94.3291178244521 94.718574177859 95.1080305312659 95.4974868846728 95.8869432380797 96.2763995914866 96.6658559448935 97.0553122983004 97.3367117095468 97.2235776342998 97.1104435590527 96.9973094838057 96.8841754085587 96.7710413333116 96.6579072580646 96.5447731828176 96.4335143719746 96.3953908728879 96.3572673738012 96.3191438747145 96.2810203756278 96.2428968765412 96.2047733774545 96.1666498783678 96.1285263792811 95.9418787243145 95.7258819846532 95.5098852449918 95.2938885053305 95.0778917656691 94.8618950260078 94.6458982863464 94.4299015466851 94.0943905685767 93.6931004359744 93.291810303372 92.8905201707696 92.4892300381673 92.0879399055649 91.6866497729625 91.2853596403602 91.0184857246907 90.9126158490837 90.8067459734767 90.7008760978697 90.5950062222628 90.4891363466558 90.3832664710488 90.2773965954418
98.5261092165439 98.4873936359229 98.4486780553019 98.4099624746809 98.3712468940599 98.3325313134389 98.2938157328179 98.2551001521969 98.2163845715759 98.1776689909549 98.1389534103339 98.1002378297129 98.0457605297043 97.9337346263498 97.8217087229953 97.7096828196408 97.5976569162863 97.4856310129318 97.3736051095774 97.2615792062229 97.1505612695997 97.0788540354991 97.0071468013985 96.935439567298 96.8637323331974 96.7920250990968 96.7203178649962 96.6486106308956 96.5769033967951 96.3528867208597 96.0987729695918 95.8446592183239 95.590545467056 95.336431715788 95.0823179645201 94.8282042132522 94.5740904619843 94.208351975332 93.781176618817 93.3540012623019 92.9268259057869 92.4996505492719 92.0724751927569 91.6452998362419 91.2181244797269 90.9349628153036 90.8243010677814 90.7136393202591 90.6029775727369 90.4923158252147 90.3816540776924 90.2709923301702 90.160330582648
98.5008033052107 98.4691269210662 98.4374505369218 98.4057741527773 98.3740977686329 98.3424213844884 98.310745000344 98.2790686161995 98.2473922320551 98.2157158479106 98.1840394637662 98.1523630796217 98.1046340764843 97.9982943481861 97.891954619888 97.7856148915899 97.6792751632917 97.5729354349936 97.4665957066955 97.3602559783973 97.2546283400176 97.1767722084545 97.0989160768914 97.0210599453284 96.9432038137653 96.8653476822023 96.7874915506392 96.7096354190762 96.6317792875131 96.4049899614355 96.1487707226694 95.8925514839032 95.6363322451371 95.380113006371 95.1238937676049 94.8676745288388 94.6114552900726 94.2477974009552 93.8250066112569 93.4022158215586 92.9794250318602 92.5566342421619 92.1338434524636 91.7110526627652 91.2882618730669 91.0149727148272 90.9207569393237 90.8265411638201 90.7323253883166 90.638109612813 90.5438938373095 90.4496780618059 90.3554622863024
98.4754973938775 98.4508602062096 98.4262230185417 98.4015858308738 98.3769486432059 98.352311455538 98.3276742678701 98.3030370802022 98.2783998925343 98.2537627048664 98.2291255171985 98.2044883295305 98.1635076232643 98.0628540700225 97.9622005167807 97.8615469635389 97.7608934102972 97.6602398570554 97.5595863038136 97.4589327505718 97.3586954104354 97.2746903814099 97.1906853523843 97.1066803233588 97.0226752943333 96.9386702653077 96.8546652362822 96.7706602072566 96.6866551782311 96.4570932020112 96.1987684757469 95.9404437494826 95.6821190232183 95.423794296954 95.1654695706897 94.9071448444254 94.648820118161 94.2872428265785 93.8688366036969 93.4504303808152 93.0320241579336 92.6136179350519 92.1952117121702 91.7768054892886 91.3583992664069 91.0949826143508 91.017212810866 90.9394430073811 90.8616732038962 90.7839034004114 90.7061335969265 90.6283637934416 90.5505939899568
98.4501914825443 98.4325934913529 98.4149955001616 98.3973975089702 98.3797995177789 98.3622015265875 98.3446035353962 98.3270055442048 98.3094075530134 98.2918095618221 98.2742115706307 98.2566135794394 98.2223811700443 98.1274137918589 98.0324464136734 97.937479035488 97.8425116573026 97.7475442791172 97.6525769009317 97.5576095227463 97.4627624808533 97.3726085543653 97.2824546278773 97.1923007013892 97.1021467749012 97.0119928484132 96.9218389219252 96.8316849954371 96.7415310689491 96.5091964425869 96.2487662288244 95.9883360150619 95.7279058012994 95.4674755875369 95.2070453737744 94.9466151600119 94.6861849462494 94.3266882522018 93.9126665961368 93.4986449400719 93.0846232840069 92.6706016279419 92.2565799718769 91.842558315812 91.428536659747 91.1749925138744 91.1136686824082 91.0523448509421 90.9910210194759 90.9296971880097 90.8683733565435 90.8070495250773 90.7457256936112
98.4248855712112 98.4143267764963 98.4037679817815 98.3932091870667 98.3826503923519 98.3720915976371 98.3615328029222 98.3509740082074 98.3404152134926 98.3298564187778 98.319297624063 98.3087388293482 98.2812547168243 98.1919735136952 98.1026923105662 98.0134111074371 97.924129904308 97.8348487011789 97.7455674980499 97.6562862949208 97.5668295512712 97.4705267273207 97.3742239033702 97.2779210794197 97.1816182554692 97.0853154315187 96.9890126075681 96.8927097836177 96.7964069596672 96.5612996831626 96.2987639819019 96.0362282806413 95.7736925793806 95.5111568781199 95.2486211768592 94.9860854755985 94.7235497743378 94.3661336778251 93.9564965885768 93.5468594993285 93.1372224100802 92.7275853208319 92.3179482315836 91.9083111423353 91.498674053087 91.255002413398 91.2101245539505 91.165246694503 91.1203688350555 91.075490975608 91.0306131161605 90.9857352567131 90.9408573972655
98.399579659878 98.3960600616397 98.3925404634014 98.3890208651632 98.3855012669249 98.3819816686866 98.3784620704484 98.3749424722101 98.3714228739718 98.3679032757335 98.3643836774953 98.360864079257 98.3401282636043 98.2565332355316 98.1729382074589 98.0893431793861 98.0057481513134 97.9221531232407 97.838558095168 97.7549630670953 97.670896621689 97.568444900276 97.4659931788631 97.3635414574501 97.2610897360371 97.1586380146241 97.0561862932111 96.9537345717982 96.8512828503852 96.6134029237384 96.3487617349795 96.0841205462206 95.8194793574617 95.5548381687028 95.290196979944 95.0255557911851 94.7609146024262 94.4055791034484 94.0003265810168 93.5950740585852 93.1898215361535 92.7845690137219 92.3793164912903 91.9740639688586 91.568811446427 91.3350123129217 91.3065804254928 91.278148538064 91.2497166506352 91.2212847632064 91.1928528757776 91.1644209883487 91.1359891009199
98.3742737485448 98.3777933467831 98.3813129450213 98.3848325432596 98.3883521414979 98.3918717397362 98.3953913379744 98.3989109362127 98.402430534451 98.4059501326892 98.4094697309275 98.4129893291658 98.3990018103843 98.321092957368 98.2431841043516 98.1652752513352 98.0873663983188 98.0094575453025 97.9315486922861 97.8536398392697 97.7749636921069 97.6663630732314 97.557762454356 97.4491618354805 97.3405612166051 97.2319605977296 97.1233599788541 97.0147593599787 96.9061587411032 96.6655061643141 96.398759488057 96.1320128118 95.8652661355429 95.5985194592858 95.3317727830288 95.0650261067717 94.7982794305146 94.4450245290717 94.0441565734568 93.6432886178418 93.2424206622268 92.8415527066119 92.440684750997 92.039816795382 91.638948839767 91.4150222124453 91.4030362970351 91.391050381625 91.3790644662149 91.3670785508047 91.3550926353946 91.3431067199845 91.3311208045743
98.3489678372116 98.3595266319264 98.3700854266413 98.3806442213561 98.3912030160709 98.4017618107857 98.4123206055005 98.4228794002153 98.4334381949302 98.443996989645 98.4545557843598 98.4651145790746 98.4578753571643 98.3856526792043 98.3134300012443 98.2412073232843 98.1689846453243 98.0967619673643 98.0245392894042 97.9523166114442 97.8790307625247 97.7642812461868 97.6495317298489 97.5347822135109 97.420032697173 97.305283180835 97.1905336644971 97.0757841481591 96.9610346318212 96.7176094048898 96.4487572411346 96.1799050773793 95.911052913624 95.6422007498688 95.3733485861135 95.1044964223583 94.835644258603 94.484469954695 94.0879865658967 93.6915031770984 93.2950197883002 92.8985363995019 92.5020530107036 92.1055696219054 91.7090862331071 91.4950321119689 91.4994921685774 91.503952225186 91.5084122817945 91.5128723384031 91.5173323950116 91.5217924516202 91.5262525082287
98.3236619258784 98.3412599170698 98.3588579082612 98.3764558994525 98.3940538906439 98.4116518818353 98.4292498730266 98.446847864218 98.4644458554093 98.4820438466007 98.4996418377921 98.5172398289834 98.5167489039443 98.4502124010407 98.383675898137 98.3171393952334 98.2506028923297 98.184066389426 98.1175298865224 98.0509933836187 97.9830978329426 97.8621994191422 97.7413010053418 97.6204025915413 97.4995041777409 97.3786057639405 97.2577073501401 97.1368089363397 97.0159105225392 96.7697126454655 96.4987549942121 96.2277973429586 95.9568396917052 95.6858820404518 95.4149243891983 95.1439667379449 94.8730090866914 94.5239153803183 94.1318165583367 93.7397177363551 93.3476189143735 92.9555200923919 92.5634212704103 92.1713224484287 91.7792236264471 91.5750420114925 91.5959480401197 91.616854068747 91.6377600973742 91.6586661260014 91.6795721546286 91.7004781832559 91.7213842118831
98.2983560145452 98.3229932022132 98.3476303898811 98.372267577549 98.3969047652169 98.4215419528848 98.4461791405527 98.4708163282206 98.4954535158885 98.5200907035564 98.5447278912243 98.5693650788922 98.5756224507244 98.514772122877 98.4539217950297 98.3930714671824 98.3322211393351 98.2713708114878 98.2105204836405 98.1496701557932 98.0871649033605 97.9601175920976 97.8330702808347 97.7060229695718 97.5789756583089 97.451928347046 97.3248810357831 97.1978337245202 97.0707864132573 96.8218158860413 96.5487527472896 96.275689608538 96.0026264697863 95.7295633310347 95.4565001922831 95.1834370535314 94.9103739147798 94.5633608059416 94.1756465507767 93.7879322956117 93.4002180404468 93.0125037852819 92.624789530117 92.237075274952 91.8493610197871 91.6550519110161 91.692403911662 91.7297559123079 91.7671079129538 91.8044599135998 91.8418119142457 91.8791639148916 91.9165159155375
98.2730501032121 98.3047264873565 98.336402871501 98.3680792556454 98.3997556397899 98.4314320239343 98.4631084080788 98.4947847922232 98.5264611763677 98.5581375605122 98.5898139446566 98.621490328801 98.6344959975044 98.5793318447134 98.5241676919225 98.4690035391315 98.4138393863405 98.3586752335496 98.3035110807586 98.2483469279677 98.1912319737783 98.0580357650529 97.9248395563276 97.7916433476022 97.6584471388768 97.5252509301514 97.392054721426 97.2588585127007 97.1256623039753 96.873919126617 96.5987505003672 96.3235818741173 96.0484132478675 95.7732446216177 95.4980759953678 95.222907369118 94.9477387428682 94.6028062315649 94.2194765432166 93.8361468548684 93.4528171665201 93.0694874781719 92.6861577898236 92.3028281014754 91.9194984131271 91.7350618105397 91.7888597832043 91.8426577558689 91.8964557285335 91.9502537011981 92.0040516738627 92.0578496465273 92.1116476191919
