# Species file for Castanea, generated on Rstudio with CMA-ES algorithm, on the 2022-10-25
MRN	=	0.0011
QDIX	=	2.1
tc	=	0.5
Tbase	=	15
Oi0	=	205
Ko0	=	248
Kc0	=	404
cVc	=	26.35
cVo	=	22.98
cKc	=	404.9
cKo	=	278.4
cgama	=	42.75
EaKc	=	79430
EaKo	=	36380
EaVc	=	65330
EaVo	=	60110
Eagama	=	37830
rdtq	=	0.24
coefbeta	=	2.2
KAR	=	0.4
Cd	=	0.2
Zosol	=	0.001
K1	=	3.9
K2	=	4.9
K3	=	7.3
K4	=	6
K5	=	14.8
K6	=	18.5
K7	=	0.2
K8	=	0.0045
Cph	=	1.01
R	=	8.3144621
IO	=	1370
gsolmax	=	0.003
gsolmin	=	7.75e-05
emsg	=	0.96
Alit	=	0.28
Asoil	=	0.39

# speciesCode	speciesName	CRF	CRRG	CRRF	CRBV	Crrepro	tronviv	branviv	rgviv	Lignroots	LIGNrl	LIGNll	LIGNfb	LIGNcb	LIGNcr	TGSS	Nitrogen	NRG	NRF	NBR	NTV	NSS	Nrepro	potToWood	GBVmin	TMRF	ratioBR	RS	coefrac	ratioG	TMBV	SF	LMA0	KLMA	alphal	alphab	CrownArea1	CrownArea2	CoefLAI1	CoefLAI2	CoefLAI3	aDBH	bDBH	aGF	bGF	Phi	ros	logaRDI	bRDI	clumping	RauwPIR	RauwPAR	RaufPIR	TaufPIR	RaufPAR	TaufPAR	emsf	Tleaf	Tbark	CIA	CIB	propec	g0	g1	RSoilleaf	CapSoilleaf	P50	P50Roots	pleafMin	Kplantini	EaVJ	ETT	JMT	NC	teta	TBASEA	TBASEB	TBASEC	NSTART	NSTART3	TSUMBB	HSUMFL	HSUMLMA	TSUMLFAL	SmatchDelay	SShape	Rec0	frec0	T1rec	T2rec	T3rec	T6rec	fa0	fd0	ffrost	woodStop	FHminfe	FHmax	decidue	cohorLeaves	reservesToReproduce	reservesToMortality	reserveToLeafFall	BSSminCrit	rateOfSeed	rateOfSeedJourne	seedMass_mg	seedMass_mu	auxiliaryReproStructure	seedMortality	seedsperFruit
3	Fagus sylvatica	1.42468165990365	1.60656263134734	1.72475373195755	1.70024801540188	1.60624307354797	0.0233945670472597	0.133132427366138	0.181854073082638	25	0.38	0.38	0.35	0.35	0.38	0.307895475140328	5.01107347390144	0.933001270412174	0.34143010515421	1.37923753400876	0.135471905419911	0.04	4.65087655614582	-1.5	0.829213115699626	1.80861018620007	0.150422835532638	0.289941103970706	0.0643990515325331	0.22	0.00916623117635548	3382.1856793522	189.334577178343	0.388294700202164	44.6849966536642	69.0052540290541	0.126647367660929	0.993340303477802	1.71270007119598	1.56997373508329	0.3	-4.60250632694553	0.527664047524461	4.01407588377373	0.487661275998405	0.223222103092897	498.848518206469	8.25015107093855	-4.53109761373521	0.824057285165882	0.314	0.135	0.356	0.377	0.0877	0.055	0.97	0.490095465253561	1.61192540858614	3.59839178321444	4.79162663415728	1	0.0127654017823593	5.50653546538403	82584.9914889282	0.04	-3.61299023933041	-0.636591833882553	-7.74899318042496	0.820651098169594	37000	710	220000	38.6921305073926	0.7	-0.791962793830853	2.50111992391886	20	88.6056182613754	213	536.387430978414	1657.45491854529	1168.68381392169	297.65399206743	1574.74597330127	2.97914704188667	210.779793590294	0.486187657180044	0	-5.96998367046467	-4.0600569177531	-6.40835124915529	0.200889504800119	0.30227270147688	0.138315748718075	139.149941348896	-6.14086248206899	-41.9528060998219	1	1	63.9653130382326	76.8078931326828	43.8206899700958	-80	0.2	0.003	167.7	2.8	0.697293522475328	0.426367578812361	100.180050562973
