# Species file for Castanea, generated on Rstudio with CMA-ES algorithm, on the 2023-12-07
MRN	=	0.0011
QDIX	=	2.1
tc	=	0.5
Tbase	=	15
Oi0	=	205
Ko0	=	248
Kc0	=	404
cVc	=	26.35
cVo	=	22.98
cKc	=	404.9
cKo	=	278.4
cgama	=	42.75
EaKc	=	79430
EaKo	=	36380
EaVc	=	65330
EaVo	=	60110
Eagama	=	37830
rdtq	=	0.24
coefbeta	=	2.2
KAR	=	0.4
Cd	=	0.2
Zosol	=	0.001
K1	=	3.9
K2	=	4.9
K3	=	7.3
K4	=	6
K5	=	14.8
K6	=	18.5
K7	=	0.2
K8	=	0.0045
Cph	=	1.01
R	=	8.3144621
IO	=	1370
gsolmax	=	0.003
gsolmin	=	7.75e-05
emsg	=	0.96
Alit	=	0.28
Asoil	=	0.39

# speciesCode	speciesName	CRF	CRRG	CRRF	CRBV	Crrepro	tronviv	branviv	rgviv	Lignroots	LIGNrl	LIGNll	LIGNfb	LIGNcb	LIGNcr	TGSS	Nitrogen	NRG	NRF	NBR	NTV	NSS	Nrepro	potToWood	GBVmin	TMRF	ratioBR	RS	coefrac	ratioG	TMBV	SF	LMA0	KLMA	alphal	alphab	CrownArea1	CrownArea2	CoefLAI1	CoefLAI2	CoefLAI3	aDBH	bDBH	aGF	bGF	Phi	ros	logaRDI	bRDI	clumping	RauwPIR	RauwPAR	RaufPIR	TaufPIR	RaufPAR	TaufPAR	emsf	Tleaf	Tbark	CIA	CIB	propec	g0	g1	RSoilleaf	CapSoilleaf	P50	P50Roots	pleafMin	Kplantini	EaVJ	ETT	JMT	NC	teta	TBASEA	TBASEB	TBASEC	NSTART	NSTART3	TSUMBB	HSUMFL	HSUMLMA	TSUMLFAL	SmatchDelay	SShape	Rec0	frec0	T1rec	T2rec	T3rec	T6rec	fa0	fd0	ffrost	woodStop	FHminfe	FHmax	decidue	cohorLeaves	reservesToReproduce	reservesToMortality	reserveToLeafFall	BSSminCrit	rateOfSeed	rateOfSeedJourne	seedMass_mg	seedMass_mu	auxiliaryReproStructure	seedMortality	seedsperFruit
11	Quercus ilex	2.85561389289549	2.19645051776685	4.19869817365406	1.22970641985083	1.19781354825196	0.0665265852225657	0.327664716396706	0.136486933772926	25	0.38	0.38	0.35	0.35	0.38	0.249037254890219	2.0798669569081	0.424612723492457	0.982383924879418	4.85054481690703	0.708047492912467	0.04	1.10248522833652	-1.5	0.650058318211416	5.6620220747528	0.0527168783878821	0.451271039280737	0.753186982910006	0.22	0.00547481534144766	536.085476627115	202.581871380255	0.317620827494452	22.9298388390421	79.5267809737447	0.41763877719038	0.840671245327336	0.919039135731399	1.84535638055536	0.3	-3.20365185412108	1.64877486169505	3.52509221499315	0.46790555205102	0.461413568433051	163.847224605748	9.67398686670998	-0.225739154525997	0.501807575542398	0.314	0.135	0.396	0.242	0.123	0.0345	0.97	0.64986266352279	2.81515241375395	2.98061621566092	4.03866446222809	1	0.00349292036549499	33.1310124269443	40762.1206460794	0.04	-7.34896479656014	-9.03876174036977	-0.497660410175811	0.548854207769628	37000	710	220000	38.9855825982718	0.7	0.589865313580583	8.76711121264351	20	51.963245044103	213	700.324291609434	297.421337706261	667.710269768679	210.851316627436	10	4	222.196332907074	0.837930432524368	0	-24.4465801691798	-0.245710263030126	-22.6884878557732	0.269205774612135	0.117863143749996	0.132710810935545	74.426540280711	-20.4466456312966	-51.4917932085422	2	3	132.5570744264	46.6119044898162	31.4777996942139	50	0.2	0.003	2492	0.01643	0.364903852591982	0.746601402728517	171.205298670653
