migration/RangeShiftR/small_test/Inputs/hab_suit_raster_ds.asc
NCOLS 195 
NROWS 144 
XLLCORNER 3915087.22046829 
YLLCORNER 2428414.54209063 
CELLSIZE 1000 
NODATA_value -9999 
[rows 104 to 129 of 144, columns 0 to 56 of 195]
-9999 -9999 -9999 -9999 -9999 -9999 -9999 -9999 -9999 -9999 -9999 -9999 98.8813928784955 98.8691880288092 98.8569831791229 98.8447783294367 98.8325734797504 98.8203686300642 98.8081637803779 98.7959589306917 98.7866583522466 98.7774322422948 98.7682061323431 98.7589800223914 98.7497539124397 98.7405278024879 98.7313016925362 98.7190982511867 98.6918277085212 98.6645571658557 98.6372866231902 98.6100160805246 98.5827455378591 98.5554749951936 98.5282044525281 98.4136941249296 98.1406777092132 97.8676612934969 97.5946448777806 97.3216284620642 97.0486120463479 96.7755956306316 96.5025792149152 96.1078717399987 95.6115689771261 95.1152662142535 94.6189634513809 94.1226606885083 93.6263579256357 93.1300551627631 92.6337523998905 92.0638294709989 91.467363216944 90.8708969628891 90.2744307088341 89.6779644547792 89.0814982007243
-9999 -9999 -9999 -9999 -9999 -9999 -9999 -9999 -9999 -9999 -9999 -9999 98.5517726443327 98.583367280542 98.6149619167513 98.6465565529607 98.67815118917 98.7097458253793 98.7413404615886 98.7729350977979 98.7667552313204 98.7596067878509 98.7524583443814 98.745309900912 98.7381614574425 98.731013013973 98.7238645705035 98.7132976575297 98.6854312170641 98.6575647765985 98.629698336133 98.6018318956674 98.5739654552018 98.5460990147363 98.5182325742707 98.4011899087215 98.1221228342176 97.8430557597138 97.5639886852099 97.284921610706 97.0058545362021 96.7267874616983 96.4477203871944 96.0468070302128 95.5441687951994 95.041530560186 94.5388923251725 94.0362540901591 93.5336158551457 93.0309776201323 92.5283393851188 91.9535294404249 91.3526984031252 90.7518673658254 90.1510363285257 89.5502052912259 88.9493742539261
-9999 -9999 -9999 -9999 -9999 -9999 -9999 -9999 -9999 -9999 -9999 -9999 98.5472632280737 98.5731133849723 98.5989635418708 98.6248136987694 98.6506638556679 98.6765140125664 98.7023641694649 98.7282143263635 98.7237048137795 98.7184168481318 98.7131288824841 98.7078409168365 98.7025529511888 98.6972649855412 98.6919770198935 98.683234728714 98.6570114568125 98.6307881849111 98.6045649130097 98.5783416411082 98.5521183692068 98.5258950973054 98.4996718254039 98.3815940968538 98.0966258766463 97.8116576564388 97.5266894362313 97.2417212160238 96.9567529958163 96.6717847756088 96.3868165554013 95.9774651140122 95.4642707998934 94.9510764857747 94.4378821716559 93.9246878575372 93.4114935434184 92.8982992292997 92.385104915181 91.8065316162561 91.2043863024012 90.6022409885462 90.0000956746913 89.3979503608363 88.7958050469813
-9999 -9999 -9999 -9999 -9999 -9999 -9999 -9999 -9999 -9999 -9999 -9999 98.5427538118148 98.5628594894025 98.5829651669903 98.603070844578 98.6231765221658 98.6432821997535 98.6633878773413 98.683493554929 98.6806543962385 98.6772269084127 98.6737994205868 98.670371932761 98.6669444449352 98.6635169571093 98.6600894692835 98.6531717998983 98.628591696561 98.6040115932237 98.5794314898864 98.5548513865491 98.5302712832118 98.5056911798745 98.4811110765371 98.3619982849862 98.071128919075 97.7802595531639 97.4893901872527 97.1985208213416 96.9076514554305 96.6167820895193 96.3259127236082 95.9081231978115 95.3843728045875 94.8606224113634 94.3368720181393 93.8131216249153 93.2893712316912 92.7656208384672 92.2418704452431 91.6595337920873 91.0560742016771 90.452614611267 89.8491550208568 89.2456954304467 88.6422358400366
-9999 -9999 -9999 -9999 -9999 -9999 -9999 -9999 -9999 -9999 -9999 -9999 98.5382443955558 98.5526055938328 98.5669667921097 98.5813279903867 98.5956891886637 98.6100503869406 98.6244115852176 98.6387727834946 98.6376039786976 98.6360369686935 98.6344699586895 98.6329029486855 98.6313359386815 98.6297689286775 98.6282019186735 98.6231088710826 98.6001719363094 98.5772350015363 98.5542980667631 98.5313611319899 98.5084241972167 98.4854872624436 98.4625503276704 98.3424024731185 98.0456319615037 97.7488614498889 97.4520909382742 97.1553204266594 96.8585499150446 96.5617794034299 96.2650088918151 95.8387812816109 95.3044748092815 94.7701683369521 94.2358618646227 93.7015553922934 93.167248919964 92.6329424476346 92.0986359753052 91.5125359679184 90.9077621009531 90.3029882339878 89.6982143670224 89.0934405000571 88.4886666330918
-9999 -9999 -9999 -9999 -9999 -9999 -9999 -9999 -9999 -9999 -9999 -9999 98.5337349792969 98.542351698263 98.5509684172292 98.5595851361954 98.5682018551616 98.5768185741277 98.5854352930939 98.5940520120601 98.5945535611566 98.5948470289744 98.5951404967922 98.5954339646101 98.5957274324279 98.5960209002457 98.5963143680635 98.5930459422669 98.5717521760578 98.5504584098488 98.5291646436398 98.5078708774307 98.4865771112217 98.4652833450127 98.4439895788037 98.3228066612508 98.0201350039324 97.717463346614 97.4147916892956 97.1121200319772 96.8094483746588 96.5067767173404 96.204105060022 95.7694393654102 95.2245768139755 94.6797142625408 94.1348517111061 93.5899891596714 93.0451266082368 92.5002640568021 91.9554015053674 91.3655381437496 90.7594500002291 90.1533618567085 89.547273713188 88.9411855696675 88.335097426147
-9999 -9999 -9999 -9999 -9999 -9999 -9999 -9999 -9999 -9999 -9999 -9999 98.5292255630379 98.5320978026933 98.5349700423487 98.5378422820041 98.5407145216594 98.5435867613149 98.5464590009702 98.5493312406256 98.5515031436157 98.5536570892553 98.5558110348949 98.5579649805346 98.5601189261742 98.5622728718138 98.5644268174535 98.5629830134512 98.5433324158063 98.5236818181614 98.5040312205165 98.4843806228716 98.4647300252267 98.4450794275818 98.4254288299369 98.3032108493831 97.9946380463611 97.686065243339 97.377492440317 97.068919637295 96.760346834273 96.4517740312509 96.1432012282289 95.7000974492096 95.1446788186696 94.5892601881296 94.0338415575896 93.4784229270495 92.9230042965095 92.3675856659695 91.8121670354295 91.2185403195808 90.611137899505 90.0037354794293 89.3963330593536 88.7889306392779 88.1815282192022
-9999 -9999 -9999 -9999 -9999 -9999 -9999 -9999 -9999 -9999 -9999 -9999 98.5247161467789 98.5218439071235 98.5189716674681 98.5160994278127 98.5132271881573 98.510354948502 98.5074827088466 98.5046104691912 98.5084527260747 98.5124671495362 98.5164815729976 98.5204959964591 98.5245104199206 98.528524843382 98.5325392668435 98.5329200846354 98.5149126555547 98.4969052264739 98.4788977973932 98.4608903683124 98.4428829392317 98.4248755101509 98.4068680810701 98.2836150375154 97.9691410887898 97.6546671400641 97.3401931913384 97.0257192426128 96.7112452938871 96.3967713451615 96.0822973964358 95.6307555330089 95.0647808233636 94.4988061137183 93.9328314040729 93.3668566944276 92.8008819847823 92.234907275137 91.6689325654916 91.0715424954119 90.462825798781 89.8541091021501 89.2453924055192 88.6366757088883 88.0279590122574
-9999 -9999 -9999 -9999 -9999 -9999 -9999 -9999 -9999 -9999 -9999 -9999 98.52020673052 98.5115900115538 98.5029732925876 98.4943565736214 98.4857398546552 98.4771231356891 98.4685064167229 98.4598896977567 98.4654023085338 98.4712772098171 98.4771521111003 98.4830270123836 98.4889019136669 98.4947768149502 98.5006517162335 98.5028571558198 98.4864928953031 98.4701286347865 98.4537643742699 98.4374001137532 98.4210358532366 98.40467159272 98.3883073322034 98.2640192256477 97.9436441312184 97.6232690367892 97.3028939423599 96.9825188479306 96.6621437535013 96.341768659072 96.0213935646427 95.5614136168083 94.9848828280576 94.408352039307 93.8318212505563 93.2552904618057 92.6787596730551 92.1022288843044 91.5256980955538 90.9245446712431 90.314513698057 89.7044827248709 89.0944517516848 88.4844207784987 87.8743898053126
-9999 -9999 -9999 -9999 -9999 -9999 -9999 -9999 -9999 -9999 -9999 -9999 98.515697314261 98.501336115984 98.4869749177071 98.4726137194301 98.4582525211531 98.4438913228762 98.4295301245992 98.4151689263223 98.4223518909928 98.4300872700979 98.437822649203 98.4455580283081 98.4532934074133 98.4610287865183 98.4687641656235 98.4727942270041 98.4580731350516 98.4433520430991 98.4286309511466 98.4139098591941 98.3991887672416 98.3844676752891 98.3697465833366 98.24442341378 97.9181471736471 97.5918709335142 97.2655946933813 96.9393184532484 96.6130422131154 96.2867659729825 95.9604897328496 95.4920717006076 94.9049848327517 94.3178979648957 93.7308110970397 93.1437242291838 92.5566373613278 91.9695504934719 91.3824636256159 90.7775468470742 90.166201597333 89.5548563475917 88.9435110978504 88.3321658481091 87.7208205983678
-9999 -9999 -9999 -9999 -9999 -9999 -9999 -9999 -9999 -9999 -9999 -9999 98.511187898002 98.4910822204143 98.4709765428265 98.4508708652388 98.430765187651 98.4106595100633 98.3905538324755 98.3704481548878 98.3793014734519 98.3888973303788 98.3984931873057 98.4080890442327 98.4176849011596 98.4272807580865 98.4368766150135 98.4427312981883 98.4296533748 98.4165754514116 98.4034975280233 98.3904196046349 98.3773416812465 98.3642637578582 98.3511858344698 98.2248276019124 97.8926502160758 97.5604728302393 97.2282954444027 96.8961180585662 96.5639406727296 96.231763286893 95.8995859010565 95.422729784407 94.8250868374457 94.2274438904844 93.6298009435232 93.0321579965619 92.4345150496006 91.8368721026393 91.239229155678 90.6305490229054 90.0178894966089 89.4052299703124 88.792570444016 88.1799109177195 87.5672513914231
-9999 -9999 -9999 -9999 -9999 -9999 -9999 -9999 -9999 -9999 -9999 -9999 98.5066784817431 98.4808283248445 98.454978167946 98.4291280110475 98.4032778541489 98.3774276972504 98.3515775403519 98.3257273834533 98.3362510559109 98.3477073906597 98.3591637254084 98.3706200601572 98.3820763949059 98.3935327296547 98.4049890644035 98.4126683693727 98.4012336145484 98.3897988597242 98.3783641049 98.3669293500757 98.3554945952515 98.3440598404273 98.3326250856031 98.2052317900447 97.8671532585045 97.5290747269643 97.1909961954241 96.852917663884 96.5148391323438 96.1767606008036 95.8386820692634 95.3533878682063 94.7451888421397 94.1369898160731 93.5287907900065 92.92059176394 92.3123927378734 91.7041937118068 91.0959946857402 90.4835511987365 89.8695773958849 89.2556035930332 88.6416297901816 88.0276559873299 87.4136821844783
-9999 -9999 -9999 -9999 -9999 -9999 -9999 -9999 -9999 -9999 -9999 -9999 98.5021690654841 98.4705744292748 98.4389797930655 98.4073851568561 98.3757905206468 98.3441958844375 98.3126012482282 98.2810066120189 98.29320063837 98.3065174509405 98.3198342635111 98.3331510760817 98.3464678886523 98.3597847012228 98.3731015137934 98.3826054405569 98.3728138542969 98.3630222680367 98.3532306817767 98.3434390955166 98.3336475092565 98.3238559229964 98.3140643367363 98.185635978177 97.8416563009332 97.4976766236894 97.1536969464455 96.8097172692017 96.4657375919579 96.1217579147141 95.7777782374703 95.2840459520057 94.6652908468338 94.0465357416618 93.4277806364899 92.809025531318 92.1902704261461 91.5715153209742 90.9527602158023 90.3365533745677 89.7212652951609 89.105977215754 88.4906891363472 87.8754010569403 87.2601129775335
-9999 -9999 -9999 -9999 -9999 -9999 -9999 -9999 -9999 -9999 -9999 -9999 -9999 -9999 -9999 -9999 98.2779735269428 98.2779735269428 98.2779735269428 98.2779735269428 98.2910481174929 98.3044579539546 98.3178677904163 98.3312776268779 98.3446874633396 98.3580972998012 98.3715071362629 98.3811022941162 98.3713928662843 98.3616834384524 98.3519740106205 98.3422645827886 98.3325551549567 98.3228457271249 98.313136299293 98.1846561875836 97.8403814530546 97.4961067185256 97.1518319839966 96.8075572494676 96.4632825149386 96.1190077804096 95.7747330458807 95.2805788561956 94.6612959470685 94.0420130379413 93.4227301288141 92.803447219687 92.1841643105598 91.5648814014326 90.9455984923054 90.3292034833593 89.7138496901247 89.0984958968901 88.4831421036554 87.8677883104208 87.2524345171862
-9999 -9999 -9999 -9999 -9999 -9999 -9999 -9999 -9999 -9999 -9999 -9999 -9999 -9999 -9999 -9999 98.2779735269428 98.2779735269428 98.2779735269428 98.2779735269428 98.2910481174929 98.3044579539546 98.3178677904163 98.3312776268779 98.3446874633396 98.3580972998012 98.3715071362629 98.3811022941162 98.3713928662843 98.3616834384524 98.3519740106205 98.3422645827886 98.3325551549567 98.3228457271249 98.313136299293 98.1846561875836 97.8403814530546 97.4961067185256 97.1518319839966 96.8075572494676 96.4632825149386 96.1190077804096 95.7747330458807 95.2805788561956 94.6612959470685 94.0420130379413 93.4227301288141 92.803447219687 92.1841643105598 91.5648814014326 90.9455984923054 90.3292034833593 89.7138496901247 89.0984958968901 88.4831421036554 87.8677883104208 87.2524345171862
-9999 -9999 -9999 -9999 -9999 -9999 -9999 -9999 -9999 -9999 -9999 -9999 -9999 -9999 -9999 -9999 98.2779735269428 98.2779735269428 98.2779735269428 98.2779735269428 98.2910481174929 98.3044579539546 98.3178677904163 98.3312776268779 98.3446874633396 98.3580972998012 98.3715071362629 98.3811022941162 98.3713928662843 98.3616834384524 98.3519740106205 98.3422645827886 98.3325551549567 98.3228457271249 98.313136299293 98.1846561875836 97.8403814530546 97.4961067185256 97.1518319839966 96.8075572494676 96.4632825149386 96.1190077804096 95.7747330458807 95.2805788561956 94.6612959470685 94.0420130379413 93.4227301288141 92.803447219687 92.1841643105598 91.5648814014326 90.9455984923054 90.3292034833593 89.7138496901247 89.0984958968901 88.4831421036554 87.8677883104208 87.2524345171862
-9999 -9999 -9999 -9999 -9999 -9999 -9999 -9999 -9999 -9999 -9999 -9999 -9999 -9999 -9999 -9999 98.2779735269428 98.2779735269428 98.2779735269428 98.2779735269428 98.2910481174929 98.3044579539546 98.3178677904163 98.3312776268779 98.3446874633396 98.3580972998013 98.3715071362629 98.3811022941162 98.3713928662843 98.3616834384524 98.3519740106205 98.3422645827886 98.3325551549567 98.3228457271248 98.313136299293 98.1846561875836 97.8403814530546 97.4961067185256 97.1518319839966 96.8075572494676 96.4632825149386 96.1190077804096 95.7747330458807 95.2805788561956 94.6612959470685 94.0420130379413 93.4227301288141 92.803447219687 92.1841643105598 91.5648814014326 90.9455984923054 90.3292034833593 89.7138496901247 89.0984958968901 88.4831421036554 87.8677883104208 87.2524345171862
-9999 -9999 -9999 -9999 -9999 -9999 -9999 -9999 -9999 -9999 -9999 -9999 -9999 -9999 -9999 -9999 98.2779735269428 98.2779735269428 98.2779735269428 98.2779735269428 98.2910481174929 98.3044579539546 98.3178677904163 98.3312776268779 98.3446874633396 98.3580972998013 98.3715071362629 98.3811022941162 98.3713928662843 98.3616834384524 98.3519740106205 98.3422645827886 98.3325551549568 98.3228457271249 98.313136299293 98.1846561875836 97.8403814530546 97.4961067185256 97.1518319839966 96.8075572494676 96.4632825149386 96.1190077804096 95.7747330458807 95.2805788561956 94.6612959470685 94.0420130379413 93.4227301288141 92.803447219687 92.1841643105598 91.5648814014326 90.9455984923054 90.3292034833593 89.7138496901247 89.0984958968901 88.4831421036554 87.8677883104208 87.2524345171862
-9999 -9999 -9999 -9999 -9999 -9999 -9999 -9999 -9999 -9999 -9999 -9999 -9999 -9999 -9999 -9999 -9999 -9999 -9999 -9999 98.2910481174929 98.3044579539546 98.3178677904163 98.3312776268779 98.3446874633396 98.3580972998013 98.3715071362629 98.3811022941162 98.3713928662843 98.3616834384524 98.3519740106205 98.3422645827886 98.3325551549567 98.3228457271249 98.313136299293 98.1846561875836 97.8403814530546 97.4961067185256 97.1518319839966 96.8075572494676 96.4632825149386 96.1190077804096 95.7747330458807 95.2805788561956 94.6612959470685 94.0420130379413 93.4227301288141 92.803447219687 92.1841643105598 91.5648814014326 90.9455984923054 90.3292034833593 89.7138496901247 89.0984958968901 88.4831421036554 87.8677883104208 87.2524345171862
-9999 -9999 -9999 -9999 -9999 -9999 -9999 -9999 -9999 -9999 -9999 -9999 -9999 -9999 -9999 -9999 -9999 -9999 -9999 -9999 98.2910481174929 98.3044579539546 98.3178677904163 98.3312776268779 98.3446874633396 98.3580972998013 98.3715071362629 98.3811022941161 98.3713928662843 98.3616834384524 98.3519740106205 98.3422645827886 98.3325551549567 98.3228457271249 98.313136299293 98.1846561875836 97.8403814530546 97.4961067185256 97.1518319839966 96.8075572494676 96.4632825149386 96.1190077804096 95.7747330458807 95.2805788561956 94.6612959470685 94.0420130379413 93.4227301288141 92.803447219687 92.1841643105598 91.5648814014326 90.9455984923054 90.3292034833593 89.7138496901247 89.0984958968901 88.4831421036554 87.8677883104208 87.2524345171862
-9999 -9999 -9999 -9999 -9999 -9999 -9999 -9999 -9999 -9999 -9999 -9999 -9999 -9999 -9999 -9999 -9999 -9999 -9999 -9999 98.2910481174929 98.3044579539546 98.3178677904163 98.3312776268779 98.3446874633396 98.3580972998013 98.3715071362629 98.3811022941161 98.3713928662843 98.3616834384524 98.3519740106205 98.3422645827886 98.3325551549567 98.3228457271249 98.313136299293 98.1846561875836 97.8403814530546 97.4961067185256 97.1518319839966 96.8075572494676 96.4632825149387 96.1190077804096 95.7747330458807 95.2805788561956 94.6612959470685 94.0420130379413 93.4227301288141 92.8034472196869 92.1841643105598 91.5648814014326 90.9455984923054 90.3292034833593 89.7138496901247 89.0984958968901 88.4831421036554 87.8677883104208 87.2524345171862
-9999 -9999 -9999 -9999 -9999 -9999 -9999 -9999 -9999 -9999 -9999 -9999 -9999 -9999 -9999 -9999 -9999 -9999 -9999 -9999 98.2910481174929 98.3044579539546 98.3178677904163 98.3312776268779 98.3446874633396 98.3580972998013 98.3715071362629 98.3811022941161 98.3713928662843 98.3616834384524 98.3519740106205 98.3422645827886 98.3325551549567 98.3228457271249 98.313136299293 98.1846561875836 97.8403814530546 97.4961067185256 97.1518319839966 96.8075572494676 96.4632825149386 96.1190077804096 95.7747330458807 95.2805788561956 94.6612959470685 94.0420130379413 93.4227301288141 92.803447219687 92.1841643105598 91.5648814014326 90.9455984923054 90.3292034833593 89.7138496901247 89.0984958968901 88.4831421036554 87.8677883104208 87.2524345171862
-9999 -9999 -9999 -9999 -9999 -9999 -9999 -9999 -9999 -9999 -9999 -9999 -9999 -9999 -9999 -9999 -9999 -9999 -9999 -9999 98.2910481174929 98.3044579539546 98.3178677904163 98.3312776268779 98.3446874633396 98.3580972998012 98.3715071362629 98.3811022941162 98.3713928662843 98.3616834384524 98.3519740106205 98.3422645827886 98.3325551549567 98.3228457271249 98.313136299293 98.1846561875836 97.8403814530546 97.4961067185256 97.1518319839966 96.8075572494676 96.4632825149386 96.1190077804096 95.7747330458807 95.2805788561956 94.6612959470685 94.0420130379413 93.4227301288141 92.803447219687 92.1841643105598 91.5648814014326 90.9455984923054 90.3292034833593 89.7138496901247 89.0984958968901 88.4831421036554 87.8677883104208 87.2524345171862
-9999 -9999 -9999 -9999 -9999 -9999 -9999 -9999 -9999 -9999 -9999 -9999 -9999 -9999 -9999 -9999 -9999 -9999 -9999 -9999 98.2910481174929 98.3044579539546 98.3178677904163 98.3312776268779 98.3446874633396 98.3580972998013 98.3715071362629 98.3811022941162 98.3713928662843 98.3616834384524 98.3519740106205 98.3422645827886 98.3325551549568 98.3228457271249 98.313136299293 98.1846561875836 97.8403814530546 97.4961067185256 97.1518319839966 96.8075572494676 96.4632825149387 96.1190077804096 95.7747330458807 95.2805788561956 94.6612959470685 94.0420130379413 93.4227301288141 92.8034472196869 92.1841643105598 91.5648814014326 90.9455984923054 90.3292034833593 89.7138496901247 89.0984958968901 88.4831421036554 87.8677883104208 87.2524345171862
-9999 -9999 -9999 -9999 -9999 -9999 -9999 -9999 -9999 -9999 -9999 -9999 -9999 -9999 -9999 -9999 -9999 -9999 -9999 -9999 -9999 -9999 -9999 -9999 -9999 -9999 -9999 -9999 -9999 -9999 -9999 -9999 -9999 -9999 -9999 -9999 -9999 -9999 -9999 -9999 -9999 -9999 -9999 -9999 -9999 -9999 -9999 -9999 -9999 -9999 -9999 -9999 -9999 -9999 -9999 -9999 -9999
-9999 -9999 -9999 -9999 -9999 -9999 -9999 -9999 -9999 -9999 -9999 -9999 -9999 -9999 -9999 -9999 -9999 -9999 -9999 -9999 -9999 -9999 -9999 -9999 -9999 -9999 -9999 -9999 -9999 -9999 -9999 -9999 -9999 -9999 -9999 -9999 -9999 -9999 -9999 -9999 -9999 -9999 -9999 -9999 -9999 -9999 -9999 -9999 -9999 -9999 -9999 -9999 -9999 -9999 -9999 -9999 -9999
