migration/RangeShiftR/small_test/Inputs/hab_suit_raster_ds.asc
NCOLS 195 
NROWS 144 
XLLCORNER 3915087.22046829 
YLLCORNER 2428414.54209063 
CELLSIZE 1000 
NODATA_value -9999 
[rows 52 to 77 of 144, columns 0 to 56 of 195]
-9999 -9999 -9999 -9999 -9999 -9999 -9999 -9999 -9999 -9999 -9999 -9999 -9999 -9999 -9999 -9999 -9999 -9999 -9999 -9999 99.6815601705193 99.5811749880637 99.4807898056081 99.3804046231525 99.2800194406969 99.1796342582414 99.0792490757858 98.9884079044331 98.9458652135103 98.9033225225876 98.8607798316648 98.8182371407421 98.7756944498193 98.7331517588966 98.6906090679738 98.661428758237 98.6565265776972 98.6516243971574 98.6467222166176 98.6418200360779 98.6369178555381 98.6320156749983 98.6271134944585 98.5367319396869 98.3749868706485 98.21324180161 98.0514967325716 97.8897516635331 97.7280065944946 97.5662615254562 97.4045164564177 97.099327986 96.7424218266497 96.3855156672994 96.0286095079491 95.6717033485987 95.3147971892484
-9999 -9999 -9999 -9999 -9999 -9999 -9999 -9999 -9999 -9999 -9999 -9999 -9999 -9999 -9999 -9999 -9999 -9999 -9999 -9999 99.6828435323896 99.583774618519 99.4847057046484 99.3856367907778 99.2865678769072 99.1874989630365 99.0884300491659 98.9990605841894 98.9587762090712 98.9184918339529 98.8782074588346 98.8379230837164 98.7976387085981 98.7573543334798 98.7170699583615 98.689438927573 98.6847977759186 98.6801566242642 98.6755154726098 98.6708743209555 98.6662331693011 98.6615920176468 98.6569508659924 98.5655872296717 98.4018222529415 98.2380572762113 98.0742922994811 97.9105273227509 97.7467623460206 97.5829973692904 97.4192323925602 97.1158950526516 96.76223570425 96.4085763558484 96.0549170074468 95.7012576590452 95.3475983106437
-9999 -9999 -9999 -9999 -9999 -9999 -9999 -9999 -9999 -9999 -9999 -9999 -9999 -9999 -9999 -9999 -9999 -9999 -9999 -9999 99.68412689426 99.5863742489743 99.4886216036887 99.390868958403 99.2931163131174 99.1953636678317 99.0976110225461 99.0097132639458 98.971687204632 98.9336611453182 98.8956350860044 98.8576090266907 98.8195829673769 98.7815569080631 98.7435308487493 98.7174490969089 98.71306897414 98.708688851371 98.7043087286021 98.6999286058331 98.6955484830642 98.6911683602952 98.6867882375263 98.5944425196564 98.4286576352345 98.2628727508125 98.0970878663906 97.9313029819686 97.7655180975467 97.5997332131247 97.4339483287028 97.1324621193031 96.7820495818503 96.4316370443974 96.0812245069446 95.7308119694918 95.3803994320389
-9999 -9999 -9999 -9999 -9999 -9999 -9999 -9999 -9999 -9999 -9999 -9999 -9999 -9999 -9999 -9999 99.7794357234135 99.7794357234135 99.7794357234135 99.7794357234135 99.6854102561303 99.5889738794296 99.492537502729 99.3961011260283 99.2996647493276 99.2032283726269 99.1067919959262 99.0203659437021 98.9845982001928 98.9488304566835 98.9130627131742 98.877294969665 98.8415272261556 98.8057594826463 98.7699917391371 98.7454592662449 98.7413401723614 98.7372210784778 98.7331019845943 98.7289828907108 98.7248637968272 98.7207447029437 98.7166256090601 98.6232978096412 98.4554930175274 98.2876882254137 98.1198834333001 97.9520786411864 97.7842738490727 97.616469056959 97.4486642648453 97.1490291859546 96.8018634594506 96.4546977329465 96.1075320064424 95.7603662799383 95.4132005534342
-9999 -9999 -9999 -9999 -9999 -9999 -9999 -9999 -9999 -9999 -9999 -9999 -9999 -9999 -9999 -9999 99.7794357234135 99.7794357234135 99.7794357234135 99.7794357234135 99.6866936180007 99.591573509885 99.4964534017692 99.4013332936535 99.3062131855378 99.2110930774221 99.1159729693064 99.0310186234585 98.9975091957537 98.9639997680489 98.9304903403441 98.8969809126392 98.8634714849344 98.8299620572296 98.7964526295248 98.7734694355809 98.7696113705827 98.7657533055846 98.7618952405865 98.7580371755884 98.7541791105902 98.7503210455921 98.746462980594 98.6521530996259 98.4823283998204 98.312503700015 98.1426790002096 97.9728543004041 97.8030296005987 97.6332049007933 97.4633802009878 97.1655962526062 96.8216773370508 96.4777584214955 96.1338395059402 95.7899205903848 95.4460016748294
-9999 -9999 -9999 -9999 -9999 -9999 -9999 -9999 -9999 -9999 -9999 -9999 -9999 -9999 -9999 -9999 99.7794357234135 99.7794357234135 99.7794357234135 99.7794357234135 99.687976979871 99.5941731403403 99.5003693008095 99.4065654612788 99.312761621748 99.2189577822173 99.1251539426866 99.0416713032148 99.0104201913145 98.9791690794142 98.9479179675139 98.9166668556135 98.8854157437132 98.8541646318129 98.8229135199126 98.8014796049168 98.7978825688041 98.7942855326914 98.7906884965787 98.787091460466 98.7834944243533 98.7798973882406 98.7763003521279 98.6810083896106 98.5091637821134 98.3373191746163 98.1654745671191 97.9936299596219 97.8217853521247 97.6499407446275 97.4780961371303 97.1821633192577 96.8414912146511 96.5008191100445 96.1601470054379 95.8194749008313 95.4788027962247
-9999 -9999 -9999 -9999 -9999 -9999 -9999 -9999 -9999 -9999 -9999 -9999 -9999 -9999 -9999 -9999 99.7794357234135 99.7794357234135 99.7794357234135 99.7794357234135 99.6892603417413 99.5967727707956 99.5042851998498 99.411797628904 99.3193100579582 99.2268224870125 99.1343349160667 99.0523239829712 99.0233311868753 98.9943383907795 98.9653455946837 98.9363527985878 98.907360002492 98.8783672063961 98.8493744103003 98.8294897742528 98.8261537670255 98.8228177597982 98.8194817525709 98.8161457453436 98.8128097381163 98.809473730889 98.8061377236617 98.7098636795954 98.5359991644064 98.3621346492175 98.1882701340286 98.0144056188396 97.8405411036507 97.6666765884618 97.4928120732729 97.1987303859093 96.8613050922514 96.5238797985936 96.1864545049357 95.8490292112778 95.51160391762
-9999 -9999 -9999 -9999 -9999 -9999 -9999 -9999 -9999 -9999 -9999 -9999 -9999 -9999 -9999 -9999 99.7794357234135 99.7794357234135 99.7794357234135 99.7794357234135 99.6905437036117 99.5993724012509 99.5082010988901 99.4170297965293 99.3258584941685 99.2346871918077 99.1435158894469 99.0629766627275 99.0362421824362 99.0095077021448 98.9827732218535 98.9560387415621 98.9293042612708 98.9025697809794 98.8758353006881 98.8574999435888 98.8544249652469 98.851349986905 98.8482750085631 98.8452000302212 98.8421250518794 98.8390500735375 98.8359750951956 98.7387189695801 98.5628345466994 98.3869501238187 98.2110657009381 98.0351812780574 97.8592968551768 97.6834124322961 97.5075280094154 97.2152974525608 96.8811189698517 96.5469404871426 96.2127620044335 95.8785835217244 95.5444050390152
-9999 -9999 -9999 -9999 -9999 -9999 -9999 -9999 -9999 -9999 -9999 -9999 -9999 -9999 -9999 -9999 99.7794357234135 99.7794357234135 99.7794357234135 99.7794357234135 99.691827065482 99.6019720317062 99.5121169979304 99.4222619641545 99.3324069303787 99.2425518966029 99.1526968628271 99.0736293424839 99.049153177997 99.0246770135101 99.0002008490233 98.9757246845364 98.9512485200495 98.9267723555627 98.9022961910758 98.8855101129247 98.8826961634683 98.8798822140118 98.8770682645553 98.8742543150989 98.8714403656424 98.8686264161859 98.8658124667295 98.7675742595648 98.5896699289924 98.41176559842 98.2338612678476 98.0559569372752 97.8780526067028 97.7001482761303 97.5222439455579 97.2318645192124 96.900932847452 96.5700011756916 96.2390695039312 95.9081378321709 95.5772061604105
-9999 -9999 -9999 -9999 -9999 -9999 -9999 -9999 -9999 -9999 -9999 -9999 99.7294222158257 99.7359055895408 99.7423889632558 99.7488723369709 99.7553557106859 99.761839084401 99.768322458116 99.7748058318311 99.6882549401022 99.5993185543876 99.5103821686729 99.4214457829583 99.3325093972436 99.243573011529 99.1546366258143 99.0765085576766 99.0530771269736 99.0296456962706 99.0062142655676 98.9827828348646 98.9593514041616 98.9359199734586 98.9124885427556 98.8956196236889 98.8906741412573 98.8857286588256 98.880783176394 98.8758376939624 98.8708922115307 98.8659467290991 98.8610012466675 98.759385688779 98.5770639211055 98.3947421534319 98.2124203857584 98.0300986180848 97.8477768504113 97.6654550827377 97.4831333150642 97.1911524213418 96.8596345638058 96.5281167062699 96.1965988487339 95.8650809911979 95.533563133662
-9999 -9999 -9999 -9999 -9999 -9999 -9999 -9999 -9999 -9999 -9999 -9999 99.7284242847735 99.7336364087406 99.7388485327075 99.7440606566745 99.7492727806415 99.7544849046085 99.7596970285755 99.7649091525425 99.6787483303054 99.5902446120118 99.5017408937182 99.4132371754245 99.3247334571309 99.2362297388373 99.1477260205436 99.069886871736 99.0460169079027 99.0221469440695 98.9982769802363 98.974407016403 98.9505370525698 98.9266670887366 98.9027971249033 98.8838505517542 98.8738492940734 98.8638480363925 98.8538467787117 98.8438455210309 98.83384426335 98.8238430056692 98.8138417479883 98.7059212881626 98.5162517696653 98.326582251168 98.1369127326708 97.9472432141735 97.7575736956762 97.567904177179 97.3782346586817 97.0804324557219 96.7436436386362 96.4068548215505 96.0700660044647 95.733277187379 95.3964883702933
-9999 -9999 -9999 -9999 -9999 -9999 -9999 -9999 -9999 -9999 -9999 -9999 99.7274263537213 99.7313672279403 99.7353081021592 99.7392489763782 99.7431898505971 99.7471307248161 99.751071599035 99.755012473254 99.6692417205087 99.5811706696361 99.4930996187634 99.4050285678908 99.3169575170182 99.2288864661456 99.140815415273 99.0632651857954 99.0389566888319 99.0146481918684 98.990339694905 98.9660311979415 98.941722700978 98.9174142040145 98.8931057070511 98.8720814798195 98.8570244468894 98.8419674139594 98.8269103810294 98.8118533480993 98.7967963151693 98.7817392822393 98.7666822493092 98.6524568875461 98.4554396182251 98.2584223489041 98.0614050795831 97.8643878102621 97.6673705409412 97.4703532716202 97.2733360022992 96.969712490102 96.6276527134666 96.2855929368311 95.9435331601956 95.6014733835601 95.2594136069246
-9999 -9999 -9999 -9999 -9999 -9999 -9999 -9999 -9999 -9999 -9999 -9999 99.7264284226691 99.72909804714 99.7317676716109 99.7344372960818 99.7371069205527 99.7397765450236 99.7424461694945 99.7451157939654 99.6597351107119 99.5720967272603 99.4844583438087 99.3968199603571 99.3091815769055 99.2215431934539 99.1339048100023 99.0566434998547 99.031896469761 99.0071494396673 98.9824024095736 98.9576553794799 98.9329083493862 98.9081613192925 98.8834142891988 98.8603124078847 98.8401995997055 98.8200867915263 98.7999739833471 98.7798611751678 98.7597483669886 98.7396355588093 98.7195227506301 98.5989924869297 98.394627466785 98.1902624466402 97.9858974264955 97.7815324063508 97.5771673862061 97.3728023660614 97.1684373459167 96.8589925244822 96.5116617882969 96.1643310521117 95.8170003159264 95.4696695797412 95.1223388435559
-9999 -9999 -9999 -9999 -9999 -9999 -9999 -9999 -9999 -9999 -9999 -9999 99.7254304916169 99.7268288663397 99.7282272410626 99.7296256157854 99.7310239905083 99.7324223652312 99.733820739954 99.7352191146769 99.6502285009151 99.5630227848845 99.4758170688539 99.3886113528233 99.3014056367928 99.2141999207622 99.1269942047316 99.0500218139141 99.0248362506902 98.9996506874662 98.9744651242423 98.9492795610184 98.9240939977944 98.8989084345705 98.8737228713466 98.84854333595 98.8233747525216 98.7982061690932 98.7730375856647 98.7478690022363 98.7227004188078 98.6975318353794 98.672363251951 98.5455280863132 98.3338153153448 98.1221025443763 97.9103897734079 97.6986770024395 97.486964231471 97.2752514605026 97.0635386895342 96.7482725588623 96.3956708631273 96.0430691673923 95.6904674716573 95.3378657759223 94.9852640801873
-9999 -9999 -9999 -9999 -9999 -9999 -9999 -9999 -9999 -9999 -9999 -9999 99.7244325605647 99.7245596855395 99.7246868105143 99.7248139354891 99.7249410604639 99.7250681854387 99.7251953104135 99.7253224353883 99.6407218911183 99.5539488425088 99.4671757938992 99.3804027452896 99.2936296966801 99.2068566480705 99.1200835994609 99.0434001279735 99.0177760316193 98.9921519352652 98.966527838911 98.9409037425568 98.9152796462027 98.8896555498485 98.8640314534943 98.8367742640153 98.8065499053377 98.77632554666 98.7461011879824 98.7158768293048 98.6856524706271 98.6554281119495 98.6252037532718 98.4920636856968 98.2730031639046 98.0539426421125 97.8348821203203 97.6158215985282 97.396761076736 97.1777005549438 96.9586400331517 96.6375525932424 96.2796799379577 95.9218072826729 95.5639346273881 95.2060619721034 94.8481893168186
-9999 -9999 -9999 -9999 -9999 -9999 -9999 -9999 -9999 -9999 -9999 -9999 99.7234346295125 99.7222905047392 99.721146379966 99.7200022551927 99.7188581304195 99.7177140056462 99.716569880873 99.7154257560997 99.6312152813216 99.544874900133 99.4585345189444 99.3721941377559 99.2858537565673 99.1995133753788 99.1131729941903 99.0367784420329 99.0107158125485 98.9846531830641 98.9585905535797 98.9325279240953 98.9064652946109 98.8804026651265 98.8543400356421 98.8250051920806 98.7897250581538 98.7544449242269 98.7191647903001 98.6838846563732 98.6486045224464 98.6133243885196 98.5780442545927 98.4385992850803 98.2121910124644 97.9857827398486 97.7593744672327 97.5329661946168 97.3065579220009 97.080149649385 96.8537413767692 96.5268326276226 96.163689012788 95.8005453979535 95.437401783119 95.0742581682844 94.7111145534499
-9999 -9999 -9999 -9999 -9999 -9999 -9999 -9999 -9999 -9999 -9999 -9999 99.7224366984602 99.7200213239389 99.7176059494176 99.7151905748964 99.7127752003751 99.7103598258538 99.7079444513325 99.7055290768112 99.6217086715248 99.5358009577573 99.4498932439897 99.3639855302222 99.2780778164546 99.1921701026871 99.1062623889196 99.0301567560923 99.0036555934776 98.977154430863 98.9506532682483 98.9241521056337 98.8976509430191 98.8711497804045 98.8446486177899 98.8132361201459 98.7729002109699 98.7325643017938 98.6922283926178 98.6518924834417 98.6115565742657 98.5712206650896 98.5308847559136 98.3851348844639 98.1513788610243 97.9176228375847 97.6838668141451 97.4501107907055 97.2163547672659 96.9825987438263 96.7488427203867 96.4161126620027 96.0476980876184 95.6792835132341 95.3108689388498 94.9424543644655 94.5740397900812
-9999 -9999 -9999 -9999 -9999 -9999 -9999 -9999 -9999 -9999 -9999 -9999 99.721438767408 99.7177521431387 99.7140655188693 99.7103788946 99.7066922703307 99.7030056460613 99.699319021792 99.6956323975226 99.612202061728 99.5267270153815 99.441251969035 99.3557769226884 99.2703018763419 99.1848268299954 99.0993517836489 99.0235350701516 98.9965953744068 98.9696556786619 98.942715982917 98.9157762871722 98.8888365914273 98.8618968956825 98.8349571999376 98.8014670482112 98.7560753637859 98.7106836793607 98.6652919949355 98.6199003105102 98.5745086260849 98.5291169416597 98.4837252572344 98.3316704838474 98.0905667095841 97.8494629353208 97.6083591610575 97.3672553867941 97.1261516125308 96.8850478382675 96.6439440640041 96.3053926963828 95.9317071624488 95.5580216285147 95.1843360945807 94.8106505606466 94.4369650267126
-9999 -9999 -9999 -9999 -9999 -9999 -9999 -9999 -9999 -9999 -9999 -9999 99.7204408363558 99.7154829623384 99.710525088321 99.7055672143036 99.7006093402862 99.6956514662688 99.6906935922515 99.6857357182341 99.6026954519313 99.5176530730057 99.4326106940802 99.3475683151547 99.2625259362292 99.1774835573037 99.0924411783782 99.016913384211 98.9895351553359 98.9621569264608 98.9347786975857 98.9074004687106 98.8800222398355 98.8526440109605 98.8252657820854 98.7896979762765 98.739250516602 98.6888030569276 98.6383555972531 98.5879081375787 98.5374606779042 98.4870132182298 98.4365657585553 98.278206083231 98.0297545581439 97.7813030330569 97.5328515079698 97.2843999828828 97.0359484577958 96.7874969327087 96.5390454076216 96.194672730763 95.8157162372791 95.4367597437953 95.0578032503115 94.6788467568277 94.2998902633439
-9999 -9999 -9999 -9999 -9999 -9999 -9999 -9999 -9999 -9999 -9999 -9999 99.7194429053036 99.7132137815381 99.7069846577727 99.7007555340073 99.6945264102418 99.6882972864764 99.682068162711 99.6758390389455 99.5931888421345 99.50857913063 99.4239694191255 99.339359707621 99.2547499961165 99.170140284612 99.0855305731075 99.0102916982704 98.982474936265 98.9546581742597 98.9268414122544 98.8990246502491 98.8712078882437 98.8433911262384 98.8155743642331 98.7779289043418 98.7224256694181 98.6669224344945 98.6114191995708 98.5559159646472 98.5004127297235 98.4449094947998 98.3894062598762 98.2247416826145 97.9689424067038 97.713143130793 97.4573438548822 97.2015445789715 96.9457453030607 96.6899460271499 96.4341467512391 96.0839527651431 95.6997253121095 95.3154978590759 94.9312704060424 94.5470429530088 94.1628154999752
-9999 -9999 -9999 -9999 -9999 -9999 -9999 -9999 -9999 -9999 -9999 -9999 99.4349151811547 99.4659474650271 99.4969797488995 99.5280120327719 99.5590443166443 99.5900766005167 99.6211088843891 99.6521411682615 99.5720967256251 99.4892041617962 99.4063115979673 99.3234190341385 99.2405264703096 99.1576339064807 99.0747413426518 99.0009247821878 98.9730382993581 98.9451518165285 98.9172653336988 98.8893788508692 98.8614923680395 98.8336058852098 98.8057194023802 98.7658977606531 98.7043911119152 98.6428844631774 98.5813778144395 98.5198711657016 98.4583645169638 98.3968578682259 98.335351219488 98.163710055461 97.9001217272934 97.6365333991259 97.3729450709583 97.1093567427907 96.8457684146232 96.5821800864556 96.3185917582881 95.9617031160893 95.5711755851582 95.1806480542271 94.790120523296 94.3995929923648 94.0090654614337
-9999 -9999 -9999 -9999 -9999 -9999 -9999 -9999 -9999 -9999 -9999 -9999 99.4302304998393 99.4552950368132 99.480359573787 99.5054241107609 99.5304886477348 99.5555531847086 99.5806177216825 99.6056822586563 99.529488668078 99.4506987152547 99.3719087624314 99.2931188096081 99.2143288567848 99.1355389039615 99.0567489511382 98.9864595815558 98.9591883150414 98.9319170485269 98.9046457820124 98.877374515498 98.8501032489835 98.8228319824691 98.7955607159546 98.7533799122786 98.6841099495343 98.6148399867901 98.5455700240458 98.4763000613016 98.4070300985573 98.3377601358131 98.2684901730689 98.0886250075956 97.816428067367 97.5442311271384 97.2720341869098 96.9998372466812 96.7276403064525 96.4554433662239 96.1832464259953 95.818041197801 95.4193023691836 95.0205635405663 94.621824711949 94.2230858833316 93.8243470547143
-9999 -9999 -9999 -9999 -9999 -9999 -9999 -9999 -9999 -9999 -9999 -9999 99.425545818524 99.4446426085993 99.4637393986746 99.4828361887499 99.5019329788253 99.5210297689006 99.5401265589759 99.5592233490512 99.4868806105308 99.4121932687131 99.3375059268954 99.2628185850777 99.18813124326 99.1134439014423 99.0387565596246 98.9719943809239 98.9453383307246 98.9186822805253 98.8920262303261 98.8653701801268 98.8387141299275 98.8120580797283 98.785402029529 98.740862063904 98.6638287871534 98.5867955104028 98.5097622336522 98.4327289569016 98.3556956801509 98.2786624034003 98.2016291266497 98.0135399597303 97.7327344074406 97.4519288551509 97.1711233028613 96.8903177505716 96.6095121982819 96.3287066459922 96.0479010937025 95.6743792795126 95.2674291532091 94.8604790269055 94.453528900602 94.0465787742984 93.6396286479948
-9999 -9999 -9999 -9999 -9999 -9999 -9999 -9999 -9999 -9999 -9999 -9999 99.4208611372086 99.4339901803854 99.4471192235622 99.460248266739 99.4733773099158 99.4865063530926 99.4996353962693 99.5127644394461 99.4442725529837 99.3736878221716 99.3031030913595 99.2325183605473 99.1619336297352 99.0913488989231 99.0207641681109 98.9575291802919 98.9314883464078 98.9054475125238 98.8794066786397 98.8533658447556 98.8273250108716 98.8012841769875 98.7752433431034 98.7283442155295 98.6435476247725 98.5587510340155 98.4739544432585 98.3891578525015 98.3043612617445 98.2195646709875 98.1347680802305 97.938454911865 97.6490407475142 97.3596265831635 97.0702124188127 96.780798254462 96.4913840901113 96.2019699257605 95.9125557614098 95.5307173612243 95.1155559372345 94.7003945132447 94.2852330892549 93.8700716652652 93.4549102412753
-9999 -9999 -9999 -9999 -9999 -9999 -9999 -9999 -9999 -9999 -9999 -9999 99.4161764558933 99.4233377521715 99.4304990484498 99.437660344728 99.4448216410063 99.4519829372845 99.4591442335628 99.466305529841 99.4016644954366 99.33518237563 99.2687002558235 99.2022181360169 99.1357360162104 99.0692538964039 99.0027717765973 98.94306397966 98.9176383620911 98.8922127445222 98.8667871269534 98.8413615093845 98.8159358918156 98.7905102742467 98.7650846566778 98.7158263671549 98.6232664623916 98.5307065576282 98.4381466528648 98.3455867481015 98.2530268433381 98.1604669385747 98.0679070338114 97.8633698639996 97.5653470875878 97.267324311176 96.9693015347642 96.6712787583524 96.3732559819406 96.0752332055288 95.777210429117 95.387055442936 94.96368272126 94.540309999584 94.116937277908 93.6935645562319 93.2701918345559
-9999 -9999 -9999 -9999 -9999 -9999 -9999 -9999 -9999 -9999 -9999 -9999 99.4114917745779 99.4126853239576 99.4138788733374 99.4150724227171 99.4162659720968 99.4174595214765 99.4186530708562 99.4198466202359 99.3590564378894 99.2966769290885 99.2342974202875 99.1719179114865 99.1095384026856 99.0471588938846 98.9847793850837 98.928598779028 98.9037883777743 98.8789779765207 98.854167575267 98.8293571740133 98.8045467727596 98.7797363715059 98.7549259702523 98.7033085187804 98.6029853000106 98.5026620812409 98.4023388624712 98.3020156437014 98.2016924249317 98.1013692061619 98.0010459873922 97.7882848161343 97.4816534276614 97.1750220391885 96.8683906507157 96.5617592622428 96.25512787377 95.9484964852971 95.6418650968243 95.2433935246477 94.8118095052855 94.3802254859232 93.9486414665609 93.5170574471987 93.0854734278364
