migration/RangeShiftR/small_test/Inputs/hab_suit_raster_ds.asc
NCOLS 195 
NROWS 144 
XLLCORNER 3915087.22046829 
YLLCORNER 2428414.54209063 
CELLSIZE 1000 
NODATA_value -9999 
[rows 26 to 51 of 144, columns 0 to 56 of 195]
-9999 -9999 -9999 -9999 -9999 -9999 -9999 -9999 -9999 -9999 -9999 -9999 -9999 -9999 -9999 -9999 -9999 -9999 -9999 -9999 98.976040809664 98.9734605442751 98.9708802788862 98.9683000134972 98.9657197481083 98.9631394827194 98.9605592173305 98.9558033111517 98.9400373440056 98.9242713768596 98.9085054097135 98.8927394425675 98.8769734754214 98.8612075082754 98.8454415411293 98.7765385935747 98.6110909914748 98.445643389375 98.2801957872751 98.1147481851753 97.9493005830754 97.7838529809756 97.6184053788757 97.269724667 96.768069524027 96.266414381054 95.7647592380811 95.2631040951081 94.7614489521351 94.2597938091621 93.7581386661891 93.1471179922457 92.4966662084965 91.8462144247474 91.1957626409982 90.545310857249 89.8948590734999
-9999 -9999 -9999 -9999 -9999 -9999 -9999 -9999 -9999 -9999 -9999 -9999 -9999 -9999 -9999 -9999 -9999 -9999 -9999 -9999 98.9754557494886 98.9722754223813 98.9690950952741 98.9659147681668 98.9627344410595 98.9595541139523 98.956373786845 98.951263061172 98.936383348818 98.921503636464 98.9066239241099 98.8917442117558 98.8768644994018 98.8619847870478 98.8471050746937 98.7793818303533 98.6156470983194 98.4519123662854 98.2881776342514 98.1244429022175 97.9607081701835 97.7969734381495 97.6332387061156 97.2907597405935 96.7990539379392 96.3073481352849 95.8156423326306 95.3239365299764 94.8322307273221 94.3405249246678 93.8488191220135 93.2470715891345 92.6056491467189 91.9642267043032 91.3228042618875 90.6813818194718 90.0399593770561
-9999 -9999 -9999 -9999 -9999 -9999 -9999 -9999 -9999 -9999 -9999 -9999 -9999 -9999 -9999 -9999 -9999 -9999 -9999 -9999 99.1293174486086 99.1073728182292 99.0854281878497 99.0634835574703 99.0415389270909 99.0195942967115 98.9976496663321 98.9765007149659 98.9593783816365 98.9422560483071 98.9251337149777 98.9080113816484 98.890889048319 98.8737667149896 98.8566443816602 98.7888395202431 98.6289495021595 98.469059484076 98.3091694659924 98.1492794479088 97.9893894298252 97.8294994117417 97.6696093936581 97.336451588314 96.8586390247985 96.3808264612829 95.9030138977674 95.4252013342518 94.9473887707362 94.4695762072206 93.9917636437051 93.4017828046336 92.7713603424026 92.1409378801715 91.5105154179405 90.8800929557094 90.2496704934783
-9999 -9999 -9999 -9999 -9999 -9999 -9999 -9999 -9999 -9999 -9999 -9999 -9999 -9999 -9999 -9999 -9999 -9999 -9999 -9999 99.1337749516544 99.1164021192707 99.099029286887 99.0816564545033 99.0642836221196 99.0469107897359 99.0295379573521 99.0116643366843 98.9912564237904 98.9708485108966 98.9504405980028 98.9300326851089 98.9096247722151 98.8892168593212 98.8688089464274 98.8005020278366 98.6451673383316 98.4898326488266 98.3344979593215 98.1791632698165 98.0238285803115 97.8684938908065 97.7131592013015 97.3903623607436 96.9277576693068 96.4651529778699 96.0025482864331 95.5399435949963 95.0773389035595 94.6147342121226 94.1521295206858 93.5747465596694 92.9559809572401 92.3372153548107 91.7184497523813 91.0996841499519 90.4809185475225
-9999 -9999 -9999 -9999 -9999 -9999 -9999 -9999 -9999 -9999 -9999 -9999 -9999 -9999 -9999 -9999 -9999 -9999 -9999 -9999 99.1382324547002 99.1254314203123 99.1126303859242 99.0998293515363 99.0870283171482 99.0742272827603 99.0614262483723 99.0468279584027 99.0231344659444 98.9994409734861 98.9757474810278 98.9520539885695 98.9283604961112 98.9046670036529 98.8809735111946 98.8121645354301 98.6613851745036 98.5106058135772 98.3598264526507 98.2090470917242 98.0582677307978 97.9074883698713 97.7567090089449 97.4442731331732 96.9968763138151 96.549479494457 96.1020826750989 95.6546858557408 95.2072890363827 94.7598922170246 94.3124953976665 93.7477103147052 93.1406015720775 92.5334928294498 91.9263840868221 91.3192753441944 90.7121666015667
-9999 -9999 -9999 -9999 -9999 -9999 -9999 -9999 -9999 -9999 -9999 -9999 -9999 -9999 -9999 -9999 -9999 -9999 -9999 -9999 99.1426899577461 99.1344607213538 99.1262314849615 99.1180022485692 99.1097730121769 99.1015437757846 99.0933145393924 99.081991580121 99.0550125080983 99.0280334360755 99.0010543640528 98.97407529203 98.9470962200073 98.9201171479845 98.8931380759617 98.8238270430236 98.6776030106757 98.5313789783278 98.3851549459799 98.238930913632 98.0927068812841 97.9464828489362 97.8002588165883 97.4981839056027 97.0659949583234 96.633806011044 96.2016170637646 95.7694281164853 95.3372391692059 94.9050502219265 94.4728612746472 93.920674069741 93.325222186915 92.729770304089 92.134318421263 91.5388665384369 90.9434146556109
-9999 -9999 -9999 -9999 -9999 -9999 -9999 -9999 -9999 -9999 -9999 -9999 -9999 -9999 -9999 -9999 -9999 -9999 -9999 -9999 99.1471474607919 99.1434900223953 99.1398325839987 99.1361751456022 99.1325177072056 99.128860268809 99.1252028304125 99.1171552018394 99.0868905502522 99.056625898665 99.0263612470778 98.9960965954906 98.9658319439034 98.9355672923161 98.9053026407289 98.835489550617 98.6938208468477 98.5521521430784 98.410483439309 98.2688147355397 98.1271460317703 97.985477328001 97.8438086242317 97.5520946780323 97.1351136028317 96.718132527631 96.3011514524304 95.8841703772298 95.4671893020291 95.0502082268285 94.6332271516279 94.0936378247768 93.5098428017525 92.9260477787281 92.3422527557038 91.7584577326795 91.1746627096551
-9999 -9999 -9999 -9999 -9999 -9999 -9999 -9999 -9999 -9999 -9999 -9999 -9999 -9999 -9999 -9999 -9999 -9999 -9999 -9999 99.1516049638377 99.1525193234368 99.153433683036 99.1543480426351 99.1552624022343 99.1561767618334 99.1570911214326 99.1523188235578 99.1187685924062 99.0852183612545 99.0516681301028 99.0181178989511 98.9845676677994 98.9510174366477 98.9174672054961 98.8471520582105 98.7100386830197 98.572925307829 98.4358119326382 98.2986985574474 98.1615851822566 98.0244718070658 97.887358431875 97.6060054504618 97.2042322473399 96.802459044218 96.4006858410961 95.9989126379743 95.5971394348524 95.1953662317305 94.7935930286086 94.2666015798126 93.69446341659 93.1223252533673 92.5501870901446 91.978048926922 91.4059107636993
-9999 -9999 -9999 -9999 -9999 -9999 -9999 -9999 -9999 -9999 -9999 -9999 -9999 -9999 -9999 -9999 -9999 -9999 -9999 -9999 99.1560624668835 99.1615486244784 99.1670347820732 99.1725209396681 99.1780070972629 99.1834932548578 99.1889794124527 99.1874824452762 99.1506466345601 99.1138108238439 99.0769750131278 99.0401392024117 99.0033033916955 98.9664675809794 98.9296317702632 98.858814565804 98.7262565191918 98.5936984725795 98.4611404259673 98.3285823793551 98.1960243327429 98.0634662861307 97.9309082395184 97.6599162228914 97.2733508918482 96.8867855608051 96.5002202297619 96.1136548987188 95.7270895676756 95.3405242366325 94.9539589055893 94.4395653348484 93.8790840314274 93.3186027280065 92.7581214245855 92.1976401211645 91.6371588177435
-9999 -9999 -9999 -9999 -9999 -9999 -9999 -9999 -9999 -9999 -9999 -9999 -9999 -9999 -9999 -9999 -9999 -9999 -9999 -9999 99.1605199699294 99.1705779255199 99.1806358811105 99.1906938367011 99.2007517922916 99.2108097478822 99.2208677034728 99.2226460669946 99.182524676714 99.1424032864334 99.1022818961528 99.0621605058722 99.0220391155916 98.981917725311 98.9417963350304 98.8704770733975 98.7424743553638 98.6144716373302 98.4864689192965 98.3584662012628 98.2304634832292 98.1024607651955 97.9744580471618 97.7138269953209 97.3424695363565 96.9711120773921 96.5997546184277 96.2283971594633 95.8570397004988 95.4856822415344 95.11432478257 94.6125290898842 94.0637046462649 93.5148802026456 92.9660557590263 92.417231315407 91.8684068717877
-9999 -9999 -9999 -9999 -9999 -9999 -9999 -9999 -9999 -9999 -9999 -9999 -9999 -9999 -9999 -9999 -9999 -9999 -9999 -9999 99.1649774729752 99.1796072265614 99.1942369801477 99.208866733734 99.2234964873203 99.2381262409066 99.2527559944929 99.257809688713 99.2144027188679 99.1709957490229 99.1275887791778 99.0841818093328 99.0407748394877 98.9973678696426 98.9539608997976 98.882139580991 98.7586921915359 98.6352448020807 98.5117974126256 98.3883500231705 98.2649026337155 98.1414552442604 98.0180078548052 97.7677377677505 97.4115881808648 97.0554385939791 96.6992890070934 96.3431394202077 95.9869898333221 95.6308402464364 95.2746906595507 94.78549284492 94.2483252611024 93.7111576772848 93.1739900934671 92.6368225096495 92.0996549258319
-9999 -9999 -9999 -9999 -9999 -9999 -9999 -9999 -9999 -9999 -9999 -9999 -9999 -9999 -9999 -9999 -9999 -9999 -9999 -9999 99.169434976021 99.188636527603 99.207838079185 99.227039630767 99.246241182349 99.265442733931 99.284644285513 99.2929733104314 99.2462807610219 99.1995882116123 99.1528956622028 99.1062031127933 99.0595105633838 99.0128180139743 98.9661254645647 98.8938020885844 98.7749100277079 98.6560179668313 98.5371259059548 98.4182338450783 98.2993417842017 98.1804497233252 98.0615576624486 97.82164854018 97.4807068253731 97.1397651105661 96.7988233957592 96.4578816809522 96.1169399661453 95.7759982513384 95.4350565365314 94.9584565999558 94.4329458759399 93.9074351519239 93.381924427908 92.856413703892 92.330902979876
-9999 -9999 -9999 -9999 -9999 -9999 -9999 -9999 -9999 -9999 -9999 -9999 -9999 -9999 -9999 -9999 -9999 -9999 -9999 -9999 99.1738924790668 99.1976658286445 99.2214391782222 99.2452125277999 99.2689858773777 99.2927592269554 99.3165325765331 99.3281369321498 99.2781588031758 99.2281806742018 99.1782025452278 99.1282244162539 99.0782462872799 99.0282681583059 98.9782900293319 98.9054645961779 98.7911278638799 98.6767911315819 98.562454399284 98.448117666986 98.333780934688 98.21944420239 98.105107470092 97.8755593126096 97.5498254698814 97.2240916271532 96.8983577844249 96.5726239416967 96.2468900989685 95.9211562562403 95.5954224135121 95.1314203549916 94.6175664907773 94.1037126265631 93.5898587623488 93.0760048981345 92.5621510339202
-9999 -9999 -9999 -9999 -9999 -9999 -9999 -9999 -9999 -9999 -9999 -9999 -9999 -9999 -9999 -9999 -9999 -9999 -9999 -9999 99.1799700878601 99.2014298524945 99.2228896171289 99.2443493817633 99.2658091463977 99.287268911032 99.3087286756664 99.3182387575302 99.2672762023428 99.2163136471553 99.1653510919678 99.1143885367804 99.0634259815929 99.0124634264054 98.961500871218 98.890834458447 98.7843680790807 98.6779016997144 98.571435320348 98.4649689409817 98.3585025616154 98.252036182249 98.1455698028827 97.9277316742863 97.6169134614703 97.3060952486543 96.9952770358383 96.6844588230223 96.3736406102062 96.0628223973902 95.7520041845742 95.3011766596064 94.7998695867199 94.2985625138335 93.797255440947 93.2959483680605 92.794641295174
-9999 -9999 -9999 -9999 -9999 -9999 -9999 -9999 -9999 -9999 -9999 -9999 -9999 -9999 -9999 -9999 -9999 -9999 -9999 -9999 99.1757000326522 99.1927802534837 99.2098604743151 99.2269406951466 99.2440209159781 99.2611011368095 99.2781813576409 99.2840765387287 99.2333686399014 99.182660741074 99.1319528422467 99.0812449434193 99.030537044592 98.9798291457647 98.9291212469373 98.8620467424646 98.7652357291431 98.6684247158216 98.5716137025001 98.4748026891787 98.3779916758572 98.2811806625357 98.1843696492142 97.9789679686346 97.6829080245642 97.3868480804938 97.0907881364233 96.7947281923529 96.4986682482825 96.2026083042121 95.9065483601417 95.4692058755329 94.980924787873 94.492643700213 94.004362612553 93.516081524893 93.027800437233
-9999 -9999 -9999 -9999 -9999 -9999 -9999 -9999 -9999 -9999 -9999 -9999 -9999 -9999 -9999 -9999 -9999 -9999 -9999 -9999 99.1714299774444 99.1841306544729 99.1968313315014 99.2095320085299 99.2222326855584 99.234933362587 99.2476340396155 99.2499143199272 99.19946107746 99.1490078349927 99.0985545925255 99.0481013500583 98.9976481075911 98.9471948651239 98.8967416226566 98.8332590264821 98.7461033792055 98.6589477319289 98.5717920846522 98.4846364373756 98.397480790099 98.3103251428224 98.2231694955458 98.0302042629829 97.7489025876581 97.4676009123332 97.1862992370084 96.9049975616836 96.6236958863588 96.342394211034 96.0610925357091 95.6372350914594 95.161979989026 94.6867248865925 94.211469784159 93.7362146817255 93.260959579292
-9999 -9999 -9999 -9999 -9999 -9999 -9999 -9999 -9999 -9999 -9999 -9999 -9999 -9999 -9999 -9999 -9999 -9999 -9999 -9999 99.1671599222365 99.1754810554621 99.1838021886877 99.1921233219132 99.2004444551388 99.2087655883644 99.21708672159 99.2157521011257 99.1655535150186 99.1153549289115 99.0651563428044 99.0149577566973 98.9647591705902 98.9145605844831 98.864361998376 98.8044713104996 98.7269710292679 98.6494707480361 98.5719704668043 98.4944701855726 98.4169699043408 98.339469623109 98.2619693418773 98.0814405573312 97.8148971507519 97.5483537441727 97.2818103375935 97.0152669310143 96.748723524435 96.4821801178558 96.2156367112766 95.805264307386 95.343035190179 94.880806072972 94.418576955765 93.956347838558 93.494118721351
-9999 -9999 -9999 -9999 -9999 -9999 -9999 -9999 -9999 -9999 -9999 -9999 -9999 -9999 -9999 -9999 -9999 -9999 -9999 -9999 99.1628898670286 99.1668314564513 99.1707730458739 99.1747146352966 99.1786562247192 99.1825978141419 99.1865394035645 99.1815898823242 99.1316459525772 99.0817020228302 99.0317580930832 98.9818141633363 98.9318702335893 98.8819263038423 98.8319823740953 98.7756835945172 98.7078386793303 98.6399937641434 98.5721488489564 98.5043039337695 98.4364590185826 98.3686141033957 98.3007691882088 98.1326768516794 97.8808917138458 97.6291065760122 97.3773214381786 97.1255363003449 96.8737511625113 96.6219660246777 96.3701808868441 95.9732935233125 95.524090391332 95.0748872593515 94.625684127371 94.1764809953905 93.72727786341
-9999 -9999 -9999 -9999 -9999 -9999 -9999 -9999 -9999 -9999 -9999 -9999 -9999 -9999 -9999 -9999 -9999 -9999 -9999 -9999 99.1586198118208 99.1581818574405 99.1577439030602 99.1573059486799 99.1568679942996 99.1564300399193 99.155992085539 99.1474276635226 99.0977383901358 99.0480491167489 98.9983598433621 98.9486705699752 98.8989812965884 98.8492920232015 98.7996027498147 98.7468958785347 98.6887063293926 98.6305167802506 98.5723272311085 98.5141376819665 98.4559481328244 98.3977585836824 98.3395690345403 98.1839131460277 97.9468862769397 97.7098594078517 97.4728325387636 97.2358056696756 96.9987788005876 96.7617519314996 96.5247250624115 96.141322739239 95.705145592485 95.268968445731 94.832791298977 94.396614152223 93.960437005469
-9999 -9999 -9999 -9999 -9999 -9999 -9999 -9999 -9999 -9999 -9999 -9999 -9999 -9999 -9999 -9999 -9999 -9999 -9999 -9999 99.1543497566129 99.1495322584297 99.1447147602465 99.1398972620632 99.13507976388 99.1302622656968 99.1254447675135 99.1132654447212 99.0638308276944 99.0143962106677 98.9649615936409 98.9155269766142 98.8660923595875 98.8166577425607 98.767223125534 98.7181081625522 98.669573979455 98.6210397963578 98.5725056132607 98.5239714301634 98.4754372470663 98.426903063969 98.3783688808719 98.235149440376 98.0128808400336 97.7906122396912 97.5683436393487 97.3460750390063 97.1238064386639 96.9015378383214 96.679269237979 96.3093519551655 95.886200793638 95.4630496321105 95.039898470583 94.6167473090555 94.193596147528
-9999 -9999 -9999 -9999 -9999 -9999 -9999 -9999 -9999 -9999 -9999 -9999 -9999 -9999 -9999 -9999 -9999 -9999 -9999 -9999 99.1500797014051 99.1408826594189 99.1316856174327 99.1224885754465 99.1132915334604 99.1040944914742 99.094897449488 99.0791032259196 99.029923265253 98.9807433045864 98.9315633439198 98.8823833832532 98.8332034225865 98.7840234619199 98.7348435012533 98.6893204465698 98.6504416295174 98.6115628124651 98.5726839954127 98.5338051783604 98.4949263613081 98.4560475442557 98.4171687272034 98.2863857347243 98.0788754031275 97.8713650715306 97.6638547399338 97.456344408337 97.2488340767401 97.0413237451433 96.8338134135465 96.4773811710921 96.0672559947911 95.65713081849 95.247005642189 94.836880465888 94.426755289587
-9999 -9999 -9999 -9999 -9999 -9999 -9999 -9999 -9999 -9999 -9999 -9999 -9999 -9999 -9999 -9999 -9999 -9999 -9999 -9999 99.1458096461972 99.1322330604081 99.118656474619 99.1050798888299 99.0915033030408 99.0779267172517 99.0643501314626 99.0449410071181 98.9960157028116 98.9470903985051 98.8981650941986 98.8492397898921 98.8003144855856 98.7513891812792 98.7024638769727 98.6605327305873 98.6313092795798 98.6020858285723 98.5728623775648 98.5436389265574 98.5144154755499 98.4851920245424 98.4559685735349 98.3376220290726 98.1448699662213 97.9521179033701 97.7593658405189 97.5666137776677 97.3738617148164 97.1811096519652 96.988357589114 96.6454103870186 96.2483111959441 95.8512120048696 95.454112813795 95.0570136227205 94.659914431646
-9999 -9999 -9999 -9999 -9999 -9999 -9999 -9999 -9999 -9999 -9999 -9999 -9999 -9999 -9999 -9999 -9999 -9999 -9999 -9999 99.1415395909893 99.1235834613973 99.1056273318053 99.0876712022132 99.0697150726212 99.0517589430291 99.0338028134371 99.0107787883166 98.9621081403702 98.9134374924238 98.8647668444775 98.8160961965311 98.7674255485847 98.7187549006384 98.670084252692 98.6317450146048 98.6121769296422 98.5926088446796 98.5730407597169 98.5534726747543 98.5339045897917 98.5143365048291 98.4947684198664 98.3888583234209 98.2108645293152 98.0328707352096 97.854876941104 97.6768831469983 97.4988893528927 97.3208955587871 97.1429017646814 96.8134396029451 96.4293663970971 96.0452931912491 95.661219985401 95.277146779553 94.893073573705
-9999 -9999 -9999 -9999 -9999 -9999 -9999 -9999 -9999 -9999 -9999 -9999 -9999 -9999 -9999 -9999 -9999 -9999 -9999 -9999 99.1372695357815 99.1149338623865 99.0925981889915 99.0702625155965 99.0479268422016 99.0255911688066 99.0032554954116 98.9766165695151 98.9282005779288 98.8797845863426 98.8313685947563 98.7829526031701 98.7345366115838 98.6861206199976 98.6377046284113 98.6029572986224 98.5930445797046 98.5831318607868 98.573219141869 98.5633064229513 98.5533937040335 98.5434809851157 98.533568266198 98.4400946177692 98.2768590924091 98.1136235670491 97.950388041689 97.787152516329 97.623916990969 97.4606814656089 97.2974459402489 96.9814688188716 96.6104215982501 96.2393743776286 95.868327157007 95.4972799363855 95.126232715764
-9999 -9999 -9999 -9999 -9999 -9999 -9999 -9999 -9999 -9999 -9999 -9999 -9999 -9999 -9999 -9999 -9999 -9999 -9999 -9999 99.6789934467786 99.5759757271531 99.4729580075275 99.369940287902 99.2669225682765 99.163904848651 99.0608871290254 98.9671025449204 98.9200432223887 98.8729838998569 98.8259245773252 98.7788652547935 98.7318059322617 98.68474660973 98.6376872871983 98.6054084195651 98.5999841812544 98.5945599429438 98.5891357046332 98.5837114663226 98.578287228012 98.5728629897014 98.5674387513908 98.4790213597175 98.3213161060625 98.1636108524075 98.0059055987525 97.8482003450976 97.6904950914426 97.5327898377876 97.3750845841326 97.0661938526969 96.7027940714491 96.3393942902013 95.9759945089535 95.6125947277057 95.2491949464579
-9999 -9999 -9999 -9999 -9999 -9999 -9999 -9999 -9999 -9999 -9999 -9999 -9999 -9999 -9999 -9999 -9999 -9999 -9999 -9999 99.6802768086489 99.5785753576084 99.4768739065678 99.3751724555273 99.2734710044867 99.1717695534462 99.0700681024056 98.9777552246767 98.9329542179495 98.8881532112222 98.843352204495 98.7985511977678 98.7537501910405 98.7089491843133 98.664148177586 98.633418588901 98.6282553794758 98.6230921700506 98.6179289606254 98.6127657512002 98.607602541775 98.6024393323498 98.5972761229247 98.5078766497022 98.3481514883555 98.1884263270088 98.0287011656621 97.8689760043153 97.7092508429686 97.5495256816219 97.3898005202752 97.0827609193485 96.7226079490494 96.3624549787503 96.0023020084513 95.6421490381522 95.2819960678532
