migration/RangeShiftR/small_test/Inputs/hab_suit_raster_ds.asc
NCOLS 195 
NROWS 144 
XLLCORNER 3915087.22046829 
YLLCORNER 2428414.54209063 
CELLSIZE 1000 
NODATA_value -9999 
[rows 78 to 103 of 144, columns 0 to 56 of 195]
-9999 -9999 -9999 -9999 -9999 -9999 -9999 -9999 -9999 -9999 -9999 -9999 99.4068070932626 99.4020328957438 99.3972586982249 99.3924845007061 99.3877103031873 99.3829361056684 99.3781619081496 99.3733877106308 99.3164483803423 99.2581714825469 99.1998945847516 99.1416176869562 99.0833407891608 99.0250638913654 98.96678699357 98.9141335783961 98.8899383934576 98.8657432085191 98.8415480235806 98.8173528386421 98.7931576537036 98.7689624687652 98.7447672838267 98.6907906704058 98.5827041376297 98.4746176048536 98.3665310720775 98.2584445393014 98.1503580065253 98.0422714737491 97.934184940973 97.7131997682689 97.397959767735 97.0827197672011 96.7674797666672 96.4522397661332 96.1369997655993 95.8217597650654 95.5065197645315 95.0997316063594 94.6599362893109 94.2201409722624 93.7803456552139 93.3405503381655 92.900755021117
-9999 -9999 -9999 -9999 -9999 -9999 -9999 -9999 -9999 -9999 -9999 -9999 99.4021224119472 99.3913804675299 99.3806385231125 99.3698965786951 99.3591546342778 99.3484126898604 99.337670745443 99.3269288010257 99.2738403227952 99.2196660360054 99.1654917492156 99.1113174624258 99.057143175636 99.0029688888462 98.9487946020564 98.8996683777641 98.8760884091408 98.8525084405175 98.8289284718942 98.8053485032709 98.7817685346477 98.7581885660244 98.7346085974011 98.6782728220313 98.5624229752488 98.4465731284663 98.3307232816838 98.2148734349013 98.0990235881188 97.9831737413364 97.8673238945539 97.6381147204036 97.3142661078086 96.9904174952136 96.6665688826186 96.3427202700237 96.0188716574287 95.6950230448337 95.3711744322388 94.9560696880711 94.5080630733364 94.0600564586017 93.612049843867 93.1640432291322 92.7160366143975
-9999 -9999 -9999 -9999 -9999 -9999 -9999 -9999 -9999 -9999 -9999 -9999 99.3974377306319 99.380728039316 99.3640183480001 99.3473086566842 99.3305989653683 99.3138892740524 99.2971795827365 99.2804698914205 99.2312322652481 99.1811605894639 99.1310889136796 99.0810172378954 99.0309455621112 98.980873886327 98.9308022105428 98.8852031771321 98.862238424824 98.839273672516 98.8163089202079 98.7933441678998 98.7703794155917 98.7474146632836 98.7244499109755 98.6657549736567 98.5421418128679 98.418528652079 98.2949154912901 98.1713023305013 98.0476891697124 97.9240760089235 97.8004628481347 97.5630296725382 97.2305724478822 96.8981152232262 96.5656579985701 96.2332007739141 95.9007435492581 95.568286324602 95.235829099946 94.8124077697828 94.3561898573618 93.8999719449409 93.4437540325199 92.987536120099 92.5313182076781
-9999 -9999 -9999 -9999 -9999 -9999 -9999 -9999 -9999 -9999 -9999 -9999 99.3927530493165 99.3700756111021 99.3473981728877 99.3247207346732 99.3020432964588 99.2793658582443 99.2566884200299 99.2340109818155 99.1886242077009 99.1426551429223 99.0966860781437 99.050717013365 99.0047479485864 98.9587788838078 98.9128098190292 98.8707379765002 98.8483884405073 98.8260389045144 98.8036893685215 98.7813398325286 98.7589902965357 98.7366407605428 98.7142912245499 98.6532371252822 98.521860650487 98.3904841756917 98.2591077008965 98.1277312261012 97.996354751306 97.8649782765108 97.7336018017155 97.4879446246729 97.1468787879558 96.8058129512387 96.4647471145216 96.1236812778045 95.7826154410874 95.4415496043703 95.1004837676533 94.6687458514944 94.2043166413873 93.7398874312801 93.2754582211729 92.8110290110658 92.3465998009586
-9999 -9999 -9999 -9999 -9999 -9999 -9999 -9999 -9999 -9999 -9999 -9999 99.3880683680012 99.3594231828882 99.3307779977752 99.3021328126623 99.2734876275492 99.2448424424363 99.2161972573233 99.1875520722103 99.1460161501538 99.1041496963807 99.0622832426077 99.0204167888347 98.9785503350616 98.9366838812886 98.8948174275155 98.8562727758682 98.8345384561905 98.8128041365128 98.7910698168351 98.7693354971574 98.7476011774797 98.725866857802 98.7041325381243 98.6407192769076 98.501579488106 98.3624396993044 98.2232999105028 98.0841601217012 97.9450203328996 97.805880544098 97.6667407552963 97.4128595768075 97.0631851280294 96.7135106792512 96.3638362304731 96.0141617816949 95.6644873329168 95.3148128841386 94.9651384353605 94.5250839332061 94.0524434254127 93.5798029176193 93.1071624098259 92.6345219020325 92.1618813942391
-9999 -9999 -9999 -9999 -9999 -9999 -9999 -9999 -9999 -9999 -9999 -9999 99.0859316348784 99.0948515180047 99.103771401131 99.1126912842573 99.1216111673836 99.1305310505098 99.1394509336361 99.1483708167624 99.1109576158481 99.0723563871379 99.0337551584277 98.9951539297174 98.9565527010073 98.917951472297 98.8793502435868 98.8436128214883 98.8223679964855 98.8011231714826 98.7798783464798 98.7586335214769 98.7373886964741 98.7161438714712 98.6948990464684 98.6292023461169 98.4827409708364 98.3362795955558 98.1898182202752 98.0433568449947 97.8968954697141 97.7504340944335 97.603972719153 97.3422825247513 96.9843921235606 96.6265017223698 96.268611321179 95.9107209199883 95.5528305187975 95.1949401176067 94.837049716416 94.3891040021296 93.9086893654347 93.4282747287397 92.9478600920448 92.4674454553498 91.9870308186549
-9999 -9999 -9999 -9999 -9999 -9999 -9999 -9999 -9999 -9999 -9999 -9999 99.0846104823777 99.0918473686877 99.0990842549977 99.1063211413077 99.1135580276177 99.1207949139276 99.1280318002377 99.1352686865476 99.0985476512667 99.060699489791 99.0228513283154 98.9850031668397 98.9471550053641 98.9093068438885 98.8714586824128 98.8363686058646 98.8152361106155 98.7941036153665 98.7729711201174 98.7518386248684 98.7307061296194 98.7095736343703 98.6884411391213 98.6206881680777 98.4682303889005 98.3157726097232 98.163314830546 98.0108570513687 97.8583992721915 97.7059414930143 97.553483713837 97.2852294601227 96.9203010854646 96.5553727108065 96.1904443361485 95.8255159614904 95.4605875868323 95.0956592121742 94.7307308375161 94.2761700326885 93.7892927734461 93.3024155142036 92.8155382549611 92.3286609957186 91.8417837364761
-9999 -9999 -9999 -9999 -9999 -9999 -9999 -9999 -9999 -9999 -9999 -9999 99.0832893298769 99.0888432193706 99.0943971088643 99.099950998358 99.1055048878518 99.1110587773455 99.1166126668392 99.1221665563329 99.0861376866852 99.0490425924442 99.0119474982031 98.974852403962 98.937757309721 98.9006622154799 98.8635671212388 98.8291243902408 98.8081042247456 98.7870840592503 98.7660638937551 98.7450437282599 98.7240235627647 98.7030033972694 98.6819832317742 98.6121739900385 98.4537198069646 98.2952656238906 98.1368114408167 97.9783572577428 97.8199030746689 97.661448891595 97.502994708521 97.228176395494 96.8562100473687 96.4842436992433 96.1122773511179 95.7403110029925 95.3683446548671 94.9963783067417 94.6244119586163 94.1632360632475 93.6698961814574 93.1765562996674 92.6832164178774 92.1898765360874 91.6965366542974
-9999 -9999 -9999 -9999 -9999 -9999 -9999 -9999 -9999 -9999 -9999 -9999 99.0819681773761 99.0858390700536 99.089709962731 99.0935808554084 99.0974517480859 99.1013226407633 99.1051935334408 99.1090644261182 99.0737277221038 99.0373856950973 99.0010436680908 98.9647016410843 98.9283596140778 98.8920175870713 98.8556755600649 98.8218801746171 98.8009723388757 98.7800645031342 98.7591566673928 98.7382488316513 98.7173409959099 98.6964331601685 98.6755253244271 98.6036598119993 98.4392092250287 98.2747586380581 98.1103080510875 97.9458574641169 97.7814068771463 97.6169562901757 97.452505703205 97.1711233308654 96.7921190092727 96.41311468768 96.0341103660873 95.6551060444946 95.2761017229019 94.8970974013092 94.5180930797165 94.0503020938064 93.5504995894688 93.0506970851313 92.5508945807938 92.0510920764562 91.5512895721187
-9999 -9999 -9999 -9999 -9999 -9999 -9999 -9999 -9999 -9999 -9999 -9999 99.0806470248753 99.0828349207365 99.0850228165977 99.0872107124588 99.08939860832 99.0915865041811 99.0937744000423 99.0959622959035 99.0613177575224 99.0257287977505 98.9901398379785 98.9545508782066 98.9189619184347 98.8833729586628 98.8477839988908 98.8146359589933 98.7938404530057 98.7730449470181 98.7522494410305 98.7314539350429 98.7106584290552 98.6898629230676 98.66906741708 98.5951456339601 98.4246986430928 98.2542516522255 98.0838046613582 97.9133576704909 97.7429106796237 97.5724636887564 97.4020166978891 97.1140702662368 96.7280279711767 96.3419856761167 95.9559433810567 95.5699010859967 95.1838587909367 94.7978164958767 94.4117742008167 93.9373681243653 93.4311029974802 92.9248378705951 92.4185727437101 91.912307616825 91.40604248994
-9999 -9999 -9999 -9999 -9999 -9999 -9999 -9999 -9999 -9999 -9999 -9999 99.0793258723746 99.0798307714194 99.0803356704643 99.0808405695092 99.0813454685541 99.081850367599 99.0823552666439 99.0828601656887 99.048907792941 99.0140719004036 98.9792360078663 98.9444001153289 98.9095642227916 98.8747283302542 98.8398924377169 98.8073917433696 98.7867085671358 98.766025390902 98.7453422146681 98.7246590384343 98.7039758622005 98.6832926859667 98.6626095097329 98.5866314559209 98.4101880611569 98.2337446663929 98.057301271629 97.880857876865 97.704414482101 97.5279710873371 97.3515276925731 97.0570172016081 96.6639369330808 96.2708566645535 95.8777763960262 95.4846961274989 95.0916158589715 94.6985355904442 94.3054553219169 93.8244341549242 93.3117064054916 92.798978656059 92.2862509066264 91.7735231571938 91.2607954077612
-9999 -9999 -9999 -9999 -9999 -9999 -9999 -9999 -9999 -9999 -9999 -9999 99.0780047198738 99.0768266221024 99.075648524331 99.0744704265596 99.0732923287882 99.0721142310168 99.0709361332454 99.069758035474 99.0364978283595 99.0024150030568 98.968332177754 98.9342493524512 98.9001665271484 98.8660837018456 98.8320008765429 98.8001475277458 98.7795766812658 98.7590058347858 98.7384349883058 98.7178641418258 98.6972932953458 98.6767224488658 98.6561516023858 98.5781172778816 98.395677479221 98.2132376805604 98.0307978818997 97.8483580832391 97.6659182845784 97.4834784859178 97.3010386872571 96.9999641369795 96.5998458949849 96.1997276529902 95.7996094109956 95.399491169001 94.9993729270063 94.5992546850117 94.1991364430171 93.7115001854831 93.192309813503 92.6731194415229 92.1539290695427 91.6347386975626 91.1155483255825
-9999 -9999 -9999 -9999 -9999 -9999 -9999 -9999 -9999 -9999 -9999 -9999 99.076683567373 99.0738224727853 99.0709613781977 99.06810028361 99.0652391890223 99.0623780944346 99.059516999847 99.0566559052593 99.0240878637781 98.9907581057099 98.9574283476417 98.9240985895735 98.8907688315053 98.8574390734371 98.8241093153689 98.7929033121221 98.7724447953959 98.7519862786697 98.7315277619435 98.7110692452173 98.6906107284911 98.6701522117649 98.6496936950387 98.5696030998424 98.3811668972851 98.1927306947278 98.0042944921705 97.8158582896131 97.6274220870558 97.4389858844985 97.2505496819412 96.9429110723508 96.5357548568889 96.1285986414269 95.721442425965 95.3142862105031 94.9071299950411 94.4999737795792 94.0928175641173 93.598566216042 93.0729132215144 92.5472602269867 92.0216072324591 91.4959542379314 90.9703012434038
-9999 -9999 -9999 -9999 -9999 -9999 -9999 -9999 -9999 -9999 -9999 -9999 99.0753624148722 99.0708183234683 99.0662742320643 99.0617301406604 99.0571860492564 99.0526419578525 99.0480978664485 99.0435537750446 99.0116778991967 98.979101208363 98.9465245175294 98.9139478266958 98.8813711358622 98.8487944450285 98.8162177541949 98.7856590964983 98.765312909526 98.7449667225536 98.7246205355812 98.7042743486088 98.6839281616364 98.663581974664 98.6432357876916 98.5610889218032 98.3666563153492 98.1722237088952 97.9777911024412 97.7833584959872 97.5889258895332 97.3944932830792 97.2000606766252 96.8858580077222 96.4716638187929 96.0574696298637 95.6432754409344 95.2290812520052 94.8148870630759 94.4006928741467 93.9864986852174 93.4856322466009 92.9535166295258 92.4214010124506 91.8892853953754 91.3571697783002 90.8250541612251
-9999 -9999 -9999 -9999 -9999 -9999 -9999 -9999 -9999 -9999 -9999 -9999 99.0740412623715 99.0678141741512 99.061587085931 99.0553599977108 99.0491329094905 99.0429058212703 99.0366787330501 99.0304516448298 98.9992679346152 98.9674443110162 98.9356206874171 98.9037970638181 98.871973440219 98.8401498166199 98.8083261930209 98.7784148808746 98.758181023656 98.7379471664374 98.7177133092188 98.6974794520003 98.6772455947817 98.6570117375631 98.6367778803445 98.552574743764 98.3521457334133 98.1517167230626 97.951287712712 97.7508587023613 97.5504296920106 97.3500006816599 97.1495716713092 96.8288049430935 96.407572780697 95.9863406183004 95.5651084559039 95.1438762935073 94.7226441311107 94.3014119687142 93.8801798063176 93.3726982771598 92.8341200375371 92.2955417979144 91.7569635582917 91.218385318669 90.6798070790463
-9999 -9999 -9999 -9999 -9999 -9999 -9999 -9999 -9999 -9999 -9999 -9999 99.0727201098707 99.0648100248342 99.0568999397977 99.0489898547611 99.0410797697246 99.0331696846881 99.0252595996516 99.0173495146151 98.9868579700338 98.9557874136693 98.9247168573048 98.8936463009404 98.8625757445759 98.8315051882114 98.8004346318469 98.7711706652508 98.7510491377861 98.7309276103213 98.7108060828565 98.6906845553917 98.6705630279269 98.6504415004622 98.6303199729974 98.5440605657248 98.3376351514774 98.1312097372301 97.9247843229827 97.7183589087353 97.511933494488 97.3055080802406 97.0990826659933 96.7717518784649 96.343481742601 95.9152116067372 95.4869414708733 95.0586713350094 94.6304011991455 94.2021310632817 93.7738609274178 93.2597643077188 92.7147234455485 92.1696825833783 91.6246417212081 91.0796008590378 90.5345599968676
-9999 -9999 -9999 -9999 -9999 -9999 -9999 -9999 -9999 -9999 -9999 -9999 98.9022207198079 98.9165481520483 98.9308755842887 98.945203016529 98.9595304487695 98.9738578810098 98.9881853132502 99.0025127454906 98.9735067738161 98.9433896892206 98.9132726046252 98.8831555200297 98.8530384354343 98.8229213508388 98.7928042662434 98.7643345376734 98.7442014289896 98.7240683203058 98.703935211622 98.6838021029383 98.6636689942545 98.6435358855707 98.623402776887 98.5350038682418 98.3225727314976 98.1101415947535 97.8977104580094 97.6852793212653 97.4728481845212 97.260417047777 97.0479859110329 96.7141624134291 96.2789929998782 95.8438235863273 95.4086541727764 94.9734847592255 94.5383153456745 94.1031459321236 93.6679765185727 93.1475151485308 92.5963022567609 92.0450893649911 91.4938764732211 90.9426635814512 90.3914506896813
-9999 -9999 -9999 -9999 -9999 -9999 -9999 -9999 -9999 -9999 -9999 -9999 98.9001379356766 98.9118121397244 98.9234863437721 98.9351605478198 98.9468347518675 98.9585089559153 98.970183159963 98.9818573640107 98.9548219316591 98.926793944528 98.898765957397 98.8707379702659 98.8427099831348 98.8146819960037 98.7866540088727 98.7598109090247 98.7389640569428 98.7181172048608 98.6972703527789 98.6764235006969 98.655576648615 98.634729796533 98.6138829444511 98.5228728939106 98.3043832292692 98.0858935646279 97.8674038999865 97.6489142353452 97.4304245707038 97.2119349060625 96.9934452414211 96.6535333460861 96.212250597603 95.7709678491199 95.3296851006368 94.8884023521537 94.4471196036706 94.0058368551876 93.5645541067045 93.0391465807777 92.4834083527792 91.9276701247808 91.3719318967824 90.816193668784 90.2604554407856
-9999 -9999 -9999 -9999 -9999 -9999 -9999 -9999 -9999 -9999 -9999 -9999 98.8980551515454 98.9070761274004 98.9160971032555 98.9251180791106 98.9341390549656 98.9431600308207 98.9521810066758 98.9612019825308 98.9361370895022 98.9101981998355 98.8842593101688 98.8583204205021 98.8323815308354 98.8064426411687 98.780503751502 98.755287280376 98.7337266848959 98.7121660894158 98.6906054939357 98.6690448984556 98.6474843029754 98.6259237074953 98.6043631120152 98.5107419195793 98.2861937270408 98.0616455345022 97.8370973419636 97.6125491494251 97.3880009568865 97.163452764348 96.9389045718094 96.592904278743 96.1455081953278 95.6981121119125 95.2507160284973 94.803319945082 94.3559238616668 93.9085277782515 93.4611316948363 92.9307780130245 92.3705144487976 91.8102508845706 91.2499873203437 90.6897237561168 90.1294601918899
-9999 -9999 -9999 -9999 -9999 -9999 -9999 -9999 -9999 -9999 -9999 -9999 98.8959723674142 98.9023401150766 98.9087078627389 98.9150756104013 98.9214433580637 98.9278111057261 98.9341788533885 98.9405466010509 98.9174522473452 98.8936024551429 98.8697526629406 98.8459028707382 98.8220530785359 98.7982032863336 98.7743534941312 98.7507636517274 98.7284893128491 98.7062149739708 98.6839406350925 98.6616662962142 98.6393919573359 98.6171176184576 98.5948432795793 98.4986109452481 98.2680042248123 98.0373975043765 97.8067907839407 97.576184063505 97.3455773430692 97.1149706226334 96.8843639021976 96.5322752114 96.0787657930526 95.6252563747051 95.1717469563577 94.7182375380103 94.2647281196629 93.8112187013155 93.357709282968 92.8224094452713 92.2576205448159 91.6928316443604 91.128042743905 90.5632538434496 89.9984649429942
-9999 -9999 -9999 -9999 -9999 -9999 -9999 -9999 -9999 -9999 -9999 -9999 98.8938895832829 98.8976041027526 98.9013186222224 98.9050331416921 98.9087476611618 98.9124621806316 98.9161767001013 98.919891219571 98.8987674051883 98.8770067104503 98.8552460157124 98.8334853209744 98.8117246262364 98.7899639314985 98.7682032367605 98.7462400230787 98.7232519408022 98.7002638585258 98.6772757762493 98.6542876939728 98.6312996116964 98.6083115294199 98.5853234471434 98.4864799709169 98.2498147225839 98.0131494742509 97.7764842259179 97.5398189775849 97.3031537292518 97.0664884809188 96.8298232325858 96.471646144057 96.0120233907774 95.5524006374978 95.0927778842182 94.6331551309386 94.173532377659 93.7139096243794 93.2542868710999 92.7140408775181 92.1447266408342 91.5754124041502 91.0060981674663 90.4367839307824 89.8674696940985
-9999 -9999 -9999 -9999 -9999 -9999 -9999 -9999 -9999 -9999 -9999 -9999 98.8918067991517 98.8928680904287 98.8939293817058 98.8949906729829 98.8960519642599 98.897113255537 98.8981745468141 98.8992358380911 98.8800825630313 98.8604109657577 98.8407393684841 98.8210677712106 98.801396173937 98.7817245766634 98.7620529793898 98.74171639443 98.7180145687554 98.6943127430807 98.6706109174061 98.6469090917315 98.6232072660568 98.5995054403822 98.5758036147076 98.4743489965857 98.2316252203554 97.9889014441252 97.746177667895 97.5034538916647 97.2607301154345 97.0180063392043 96.7752825629741 96.4110170767139 95.9452809885022 95.4795449002904 95.0138088120787 94.5480727238669 94.0823366356551 93.6166005474434 93.1508644592316 92.6056723097649 92.0318327368525 91.4579931639401 90.8841535910276 90.3103140181152 89.7364744452028
-9999 -9999 -9999 -9999 -9999 -9999 -9999 -9999 -9999 -9999 -9999 -9999 98.8897240150204 98.8881320781048 98.8865401411892 98.8849482042736 98.883356267358 98.8817643304424 98.8801723935268 98.8785804566112 98.8613977208744 98.8438152210651 98.8262327212559 98.8086502214467 98.7910677216375 98.7734852218283 98.7559027220191 98.7371927657814 98.7127771967086 98.6883616276357 98.6639460585629 98.6395304894901 98.6151149204173 98.5906993513445 98.5662837822717 98.4622180222544 98.213435718127 97.9646534139995 97.7158711098721 97.4670888057447 97.2183065016172 96.9695241974897 96.7207418933623 96.3503880093709 95.878538586227 95.406689163083 94.9348397399391 94.4629903167952 93.9911408936513 93.5192914705073 93.0474420473634 92.4973037420117 91.9189388328708 91.3405739237298 90.7622090145889 90.183844105448 89.6054791963071
-9999 -9999 -9999 -9999 -9999 -9999 -9999 -9999 -9999 -9999 -9999 -9999 98.8876412308892 98.8833960657809 98.8791509006727 98.8749057355644 98.8706605704561 98.8664154053479 98.8621702402396 98.8579250751313 98.8427128787174 98.8272194763726 98.8117260740277 98.7962326716829 98.780739269338 98.7652458669932 98.7497524646484 98.7326691371327 98.7075398246617 98.6824105121907 98.6572811997197 98.6321518872487 98.6070225747777 98.5818932623067 98.5567639498358 98.4500870479232 98.1952462158985 97.9404053838739 97.6855645518492 97.4307237198246 97.1758828877999 96.9210420557752 96.6662012237505 96.2897589420278 95.8117961839517 95.3338334258757 94.8558706677996 94.3779079097235 93.8999451516474 93.4219823935713 92.9440196354952 92.3889351742585 91.8060449288891 91.2231546835197 90.6402644381502 90.0573741927808 89.4744839474114
-9999 -9999 -9999 -9999 -9999 -9999 -9999 -9999 -9999 -9999 -9999 -9999 98.885558446758 98.878660053457 98.8717616601561 98.8648632668552 98.8579648735542 98.8510664802533 98.8441680869524 98.8372696936514 98.8240280365605 98.81062373168 98.7972194267995 98.7838151219191 98.7704108170386 98.7570065121581 98.7436022072776 98.728145508484 98.7023024526149 98.6764593967457 98.6506163408765 98.6247732850074 98.5989302291382 98.573087173269 98.5472441173999 98.437956073592 98.1770567136701 97.9161573537482 97.6552579938263 97.3943586339044 97.1334592739826 96.8725599140606 96.6116605541388 96.2291298746848 95.7450537816765 95.2609776886683 94.77690159566 94.2928255026518 93.8087494096435 93.3246733166352 92.840597223627 92.2805666065053 91.6931510249074 91.1057354433095 90.5183198617115 89.9309042801136 89.3434886985157
-9999 -9999 -9999 -9999 -9999 -9999 -9999 -9999 -9999 -9999 -9999 -9999 98.8834756626267 98.8739240411331 98.8643724196395 98.8548207981459 98.8452691766523 98.8357175551587 98.8261659336651 98.8166143121716 98.8053431944035 98.7940279869874 98.7827127795713 98.7713975721552 98.7600823647391 98.748767157323 98.7374519499069 98.7236218798354 98.697065080568 98.6705082813007 98.6439514820334 98.617394682766 98.5908378834987 98.5642810842313 98.537724284964 98.4258250992608 98.1588672114417 97.8919093236226 97.6249514358035 97.3579935479843 97.0910356601652 96.8240777723461 96.557119884527 96.1685008073418 95.6783113794013 95.1881219514609 94.6979325235205 94.2077430955801 93.7175536676396 93.2273642396992 92.7371748117587 92.1721980387521 91.5802571209257 90.9883162030993 90.3963752852728 89.8044343674464 89.21249344962
